Timestamp
626786355
626786365
626786375
626786385
626786395
626786405
626786415
626786425
626786435
626786446
626786456
626786466
626786476
626786486
626786496
626786506
626786516
626786526
626786536
626786546
626786556
626786566
626786576
626786586
626786596
626786606
626786616
626786626
626786637
626786647
626786657
626786667
626786677
626786687
626786697
626786707
626786717
626786727
626786737
626786747
626786757
626786767
626786777
626786787
626786797
626786807
626786818
626786828
626786838
626786848
626786858
626786868
626786878
626786888
626786898
626786908
626786918
626786928
626786938
626786948
626786958
626786968
626786978
626786988
626786998
626787009
626787019
626787029
626787039
626787049
626787059
626787069
626787079
626787089
626787099
626787109
626787119
626787129
626787139
626787149
626787159
626787169
626787179
626787190
626787200
626787210
626787220
626787230
626787240
626787250
626787260
626787270
626787280
626787290
626787300
626787310
626787320
626787330
626787340
626787350
626787360
626787370
626787381
626787391
626787401
626787411
626787421
626787431
626787441
626787451
626787461
626787471
626787481
626787491
626787501
626787511
626787521
626787531
626787541
626787551
626787562
626787572
626787582
626787592
626787602
626787612
626787622
626787632
626787642
626787652
626787662
626787672
626787682
626787692
626787702
626787712
626787722
626787732
626787742
626787753
626787763
626787773
626787783
626787793
626787803
626787813
626787823
626787833
626787843
626787853
626787863
626787873
626787883
626787893
626787903
626787913
626787923
626787933
626787944
626787954
626787964
626787974
626787984
626787994
626788004
626788014
626788024
626788034
626788044
626788054
626788064
626788074
626788084
626788094
626788104
626788114
626788125
626788135
626788145
626788155
626788165
626788175
626788185
626788195
626788205
626788215
626788225
626788235
626788245
626788255
626788265
626788275
626788285
626788295
626788305
626788316
626788326
626788336
626788346
626788356
626788366
626788376
626788386
626788396
626788406
626788416
626788426
626788436
626788446
626788456
626788466
626788476
626788486
626788497
626788507
626788517
626788527
626788537
626788547
626788557
626788567
626788577
626788587
626788597
626788607
626788617
626788627
626788637
626788647
626788657
626788667
626788677
626788688
626788698
626788708
626788718
626788728
626788738
626788748
626788758
626788768
626788778
626788788
626788798
626788808
626788818
626788828
626788838
626788848
626788858
626788869
626788879
626788889
626788899
626788909
626788919
626788929
626788939
626788949
626788959
626788969
626788979
626788989
626788999
626789009
626789019
626789029
626789039
626789049
626789060
626789070
626789080
626789090
626789100
626789110
626789120
626789130
626789140
626789150
626789160
626789170
626789180
626789190
626789200
626789210
626789220
626789230
626789241
626789251
626789261
626789271
626789281
626789291
626789301
626789311
626789321
626789331
626789341
626789351
626789361
626789371
626789381
626789391
626789401
626789411
626789421
626789432
626789442
626789452
626789462
626789472
626789482
626789492
626789502
626789512
626789522
626789532
626789542
626789552
626789562
626789572
626789582
626789592
626789602
626789612
626789623
626789633
626789643
626789653
626789663
626789673
626789683
626789693
626789703
626789713
626789723
626789733
626789743
626789753
626789763
626789773
626789783
626789793
626789804
626789814
626789824
626789834
626789844
626789854
626789864
626789874
626789884
626789894
626789904
626789914
626789924
626789934
626789944
626789954
626789964
626789974
626789984
626789995
626790005
626790015
626790025
626790035
626790045
626790055
626790065
626790075
626790085
626790095
626790105
626790115
626790125
626790135
626790145
626790155
626790165
626790176
626790186
626790196
626790206
626790216
626790226
626790236
626790246
626790256
626790266
626790276
626790286
626790296
626790306
626790316
626790326
626790336
626790346
626790356
626790367
626790377
626790387
626790397
626790407
626790417
626790427
626790437
626790447
626790457
626790467
626790477
626790487
626790497
626790507
626790517
626790527
626790537
626790548
626790558
626790568
626790578
626790588
626790598
626790608
626790618
626790628
626790638
626790648
626790658
626790668
626790678
626790688
626790698
626790708
626790718
626790728
626790739
626790749
626790759
626790769
626790779
626790789
626790799
626790809
626790819
626790829
626790839
626790849
626790859
626790869
626790879
626790889
626790899
626790909
626790920
626790930
626790940
626790950
626790960
626790970
626790980
626790990
626791000
626791010
626791020
626791030
626791040
626791050
626791060
626791070
626791080
626791090
626791100
626791111
626791121
626791131
626791141
626791151
626791161
626791171
626791181
626791191
626791201
626791211
626791221
626791231
626791241
626791251
626791261
626791271
626791281
626791291
626791302
626791312
626791322
626791332
626791342
626791352
626791362
626791372
626791382
626791392
626791402
626791412
626791422
626791432
626791442
626791452
626791462
626791472
626791483
626791493
626791503
626791513
626791523
626791533
626791543
626791553
626791563
626791573
626791583
626791593
626791603
626791613
626791623
626791633
626791643
626791653
626791663
626791674
626791684
626791694
626791704
626791714
626791724
626791734
626791744
626791754
626791764
626791774
626791784
626791794
626791804
626791814
626791824
626791834
626791844
626791855
626791865
626791875
626791885
626791895
626791905
626791915
626791925
626791935
626791945
626791955
626791965
626791975
626791985
626791995
626792005
626792015
626792025
626792035
626792046
626792056
626792066
626792076
626792086
626792096
626792106
626792116
626792126
626792136
626792146
626792156
626792166
626792176
626792186
626792196
626792206
626792216
626792227
626792237
626792247
626792257
626792267
626792277
626792287
626792297
626792307
626792317
626792327
626792337
626792347
626792357
626792367
626792377
626792387
626792397
626792407
626792418
626792428
626792438
626792448
626792458
626792468
626792478
626792488
626792498
626792508
626792518
626792528
626792538
626792548
626792558
626792568
626792578
626792588
626792598
626792609
626792619
626792629
626792639
626792649
626792659
626792669
626792679
626792689
626792699
626792709
626792719
626792729
626792739
626792749
626792759
626792769
626792779
626792790
626792800
626792810
626792820
626792830
626792840
626792850
626792860
626792870
626792880
626792890
626792900
626792910
626792920
626792930
626792940
626792950
626792960
626792970
626792981
626792991
626793001
626793011
626793021
626793031
626793041
626793051
626793061
626793071
626793081
626793091
626793101
626793111
626793121
626793131
626793141
626793151
626793162
626793172
626793182
626793192
626793202
626793212
626793222
626793232
626793242
626793252
626793262
626793272
626793282
626793292
626793302
626793312
626793322
626793332
626793342
626793353
626793363
626793373
626793383
626793393
626793403
626793413
626793423
626793433
626793443
626793453
626793463
626793473
626793483
626793493
626793503
626793513
626793523
626793534
626793544
626793554
626793564
626793574
626793584
626793594
626793604
626793614
626793624
626793634
626793644
626793654
626793664
626793674
626793684
626793694
626793704
626793714
626793725
626793735
626793745
626793755
626793765
626793775
626793785
626793795
626793805
626793815
626793825
626793835
626793845
626793855
626793865
626793875
626793885
626793895
626793906
626793916
626793926
626793936
626793946
626793956
626793966
626793976
626793986
626793996
626794006
626794016
626794026
626794036
626794046
626794056
626794066
626794076
626794086
626794097
626794107
626794117
626794127
626794137
626794147
626794157
626794167
626794177
626794187
626794197
626794207
626794217
626794227
626794237
626794247
626794257
626794267
626794277
626794288
626794298
626794308
626794318
626794328
626794338
626794348
626794358
626794368
626794378
626794388
626794398
626794408
626794418
626794428
626794438
626794448
626794458
626794469
626794479
626794489
626794499
626794509
626794519
626794529
626794539
626794549
626794559
626794569
626794579
626794589
626794599
626794609
626794619
626794629
626794639
626794649
626794660
626794670
626794680
626794690
626794700
626794710
626794720
626794730
626794740
626794750
626794760
626794770
626794780
626794790
626794800
626794810
626794820
626794830
626794841
626794851
626794861
626794871
626794881
626794891
626794901
626794911
626794921
626794931
626794941
626794951
626794961
626794971
626794981
626794991
626795001
626795011
626795021
626795032
626795042
626795052
626795062
626795072
626795082
626795092
626795102
626795112
626795122
626795132
626795142
626795152
626795162
626795172
626795182
626795192
626795202
626795213
626795223
626795233
626795243
626795253
626795263
626795273
626795283
626795293
626795303
626795313
626795323
626795333
626795343
626795353
626795363
626795373
626795383
626795393
626795404
626795414
626795424
626795434
626795444
626795454
626795464
626795474
626795484
626795494
626795504
626795514
626795524
626795534
626795544
626795554
626795564
626795574
626795585
626795595
626795605
626795615
626795625
626795635
626795645
626795655
626795665
626795675
626795685
626795695
626795705
626795715
626795725
626795735
626795745
626795755
626795765
626795776
626795786
626795796
626795806
626795816
626795826
626795836
626795846
626795856
626795866
626795876
626795886
626795896
626795906
626795916
626795926
626795936
626795946
626795956
626795967
626795977
626795987
626795997
626796007
626796017
626796027
626796037
626796047
626796057
626796067
626796077
626796087
626796097
626796107
626796117
626796127
626796137
626796148
626796158
626796168
626796178
626796188
626796198
626796208
626796218
626796228
626796238
626796248
626796258
626796268
626796278
626796288
626796298
626796308
626796318
626796328
626796339
626796349
626796359
626796369
626796379
626796389
626796399
626796409
626796419
626796429
626796439
626796449
626796459
626796469
626796479
626796489
626796499
626796509
626796520
626796530
626796540
626796550
626796560
626796570
626796580
626796590
626796600
626796610
626796620
626796630
626796640
626796650
626796660
626796670
626796680
626796690
626796700
626796711
626796721
626796731
626796741
626796751
626796761
626796771
626796781
626796791
626796801
626796811
626796821
626796831
626796841
626796851
626796861
626796871
626796881
626796892
626796902
626796912
626796922
626796932
626796942
626796952
626796962
626796972
626796982
626796992
626797002
626797012
626797022
626797032
626797042
626797052
626797062
626797072
626797083
626797093
626797103
626797113
626797123
626797133
626797143
626797153
626797163
626797173
626797183
626797193
626797203
626797213
626797223
626797233
626797243
626797253
626797263
626797274
626797284
626797294
626797304
626797314
626797324
626797334
626797344
626797354
626797364
626797374
626797384
626797394
626797404
626797414
626797424
626797434
626797444
626797455
626797465
626797475
626797485
626797495
626797505
626797515
626797525
626797535
626797545
626797555
626797565
626797575
626797585
626797595
626797605
626797615
626797625
626797635
626797646
626797656
626797666
626797676
626797686
626797696
626797706
626797716
626797726
626797736
626797746
626797756
626797766
626797776
626797786
626797796
626797806
626797816
626797827
626797837
626797847
626797857
626797867
626797877
626797887
626797897
626797907
626797917
626797927
626797937
626797947
626797957
626797967
626797977
626797987
626797997
626798007
626798018
626798028
626798038
626798048
626798058
626798068
626798078
626798088
626798098
626798108
626798118
626798128
626798138
626798148
626798158
626798168
626798178
626798188
626798199
626798209
626798219
626798229
626798239
626798249
626798259
626798269
626798279
626798289
626798299
626798309
626798319
626798329
626798339
626798349
626798359
626798369
626798379
626798390
626798400
626798410
626798420
626798430
626798440
626798450
626798460
626798470
626798480
626798490
626798500
626798510
626798520
626798530
626798540
626798550
626798560
626798571
626798581
626798591
626798601
626798611
626798621
626798631
626798641
626798651
626798661
626798671
626798681
626798691
626798701
626798711
626798721
626798731
626798741
626798751
626798762
626798772
626798782
626798792
626798802
626798812
626798822
626798832
626798842
626798852
626798862
626798872
626798882
626798892
626798902
626798912
626798922
626798932
626798942
626798953
626798963
626798973
626798983
626798993
626799003
626799013
626799023
626799033
626799043
626799053
626799063
626799073
626799083
626799093
626799103
626799113
626799123
626799134
626799144
626799154
626799164
626799174
626799184
626799194
626799204
626799214
626799224
626799234
626799244
626799254
626799264
626799274
626799284
626799294
626799304
626799314
626799325
626799335
626799345
626799355
626799365
626799375
626799385
626799395
626799405
626799415
626799425
626799435
626799445
626799455
626799465
626799475
626799485
626799495
626799506
626799516
626799526
626799536
626799546
626799556
626799566
626799576
626799586
626799596
626799606
626799616
626799626
626799636
626799646
626799656
626799666
626799676
626799686
626799697
626799707
626799717
626799727
626799737
626799747
626799757
626799767
626799777
626799787
626799797
626799807
626799817
626799827
626799837
626799847
626799857
626799867
626799878
626799888
626799898
626799908
626799918
626799928
626799938
626799948
626799958
626799968
626799978
626799988
626799998
626800008
626800018
626800028
626800038
626800048
626800058
626800069
626800079
626800089
626800099
626800109
626800119
626800129
626800139
626800149
626800159
626800169
626800179
626800189
626800199
626800209
626800219
626800229
626800239
626800250
626800260
626800270
626800280
626800290
626800300
626800310
626800320
626800330
626800340
626800350
626800360
626800370
626800380
626800390
626800400
626800410
626800420
626800430
626800441
626800451
626800461
626800471
626800481
626800491
626800501
626800511
626800521
626800531
626800541
626800551
626800561
626800571
626800581
626800591
626800601
626800611
626800621
626800632
626800642
626800652
626800662
626800672
626800682
626800692
626800702
626800712
626800722
626800732
626800742
626800752
626800762
626800772
626800782
626800792
626800802
626800813
626800823
626800833
626800843
626800853
626800863
626800873
626800883
626800893
626800903
626800913
626800923
626800933
626800943
626800953
626800963
626800973
626800983
626800993
626801004
626801014
626801024
626801034
626801044
626801054
626801064
626801074
626801084
626801094
626801104
626801114
626801124
626801134
626801144
626801154
626801164
626801174
626801185
626801195
626801205
626801215
626801225
626801235
626801245
626801255
626801265
626801275
626801285
626801295
626801305
626801315
626801325
626801335
626801345
626801355
626801365
626801376
626801386
626801396
626801406
626801416
626801426
626801436
626801446
626801456
626801466
626801476
626801486
626801496
626801506
626801516
626801526
626801536
626801546
626801557
626801567
626801577
626801587
626801597
626801607
626801617
626801627
626801637
626801647
626801657
626801667
626801677
626801687
626801697
626801707
626801717
626801727
626801737
626801748
626801758
626801768
626801778
626801788
626801798
626801808
626801818
626801828
626801838
626801848
626801858
626801868
626801878
626801888
626801898
626801908
626801918
626801928
626801939
626801949
626801959
626801969
626801979
626801989
626801999
626802009
626802019
626802029
626802039
626802049
626802059
626802069
626802079
626802089
626802099
626802109
626802120
626802130
626802140
626802150
626802160
626802170
626802180
626802190
626802200
626802210
626802220
626802230
626802240
626802250
626802260
626802270
626802280
626802290
626802300
626802311
626802321
626802331
626802341
626802351
626802361
626802371
626802381
626802391
626802401
626802411
626802421
626802431
626802441
626802451
626802461
626802471
626802481
626802492
626802502
626802512
626802522
626802532
626802542
626802552
626802562
626802572
626802582
626802592
626802602
626802612
626802622
626802632
626802642
626802652
626802662
626802672
626802683
626802693
626802703
626802713
626802723
626802733
626802743
626802753
626802763
626802773
626802783
626802793
626802803
626802813
626802823
626802833
626802843
626802853
626802864
626802874
626802884
626802894
626802904
626802914
626802924
626802934
626802944
626802954
626802964
626802974
626802984
626802994
626803004
626803014
626803024
626803034
626803044
626803055
626803065
626803075
626803085
626803095
626803105
626803115
626803125
626803135
626803145
626803155
626803165
626803175
626803185
626803195
626803205
626803215
626803225
626803236
626803246
626803256
626803266
626803276
626803286
626803296
626803306
626803316
626803326
626803336
626803346
626803356
626803366
626803376
626803386
626803396
626803406
626803416
626803427
626803437
626803447
626803457
626803467
626803477
626803487
626803497
626803507
626803517
626803527
626803537
626803547
626803557
626803567
626803577
626803587
626803597
626803607
626803618
626803628
626803638
626803648
626803658
626803668
626803678
626803688
626803698
626803708
626803718
626803728
626803738
626803748
626803758
626803768
626803778
626803788
626803799
626803809
626803819
626803829
626803839
626803849
626803859
626803869
626803879
626803889
626803899
626803909
626803919
626803929
626803939
626803949
626803959
626803969
626803979
626803990
626804000
626804010
626804020
626804030
626804040
626804050
626804060
626804070
626804080
626804090
626804100
626804110
626804120
626804130
626804140
626804150
626804160
626804171
626804181
626804191
626804201
626804211
626804221
626804231
626804241
626804251
626804261
626804271
626804281
626804291
626804301
626804311
626804321
626804331
626804341
626804351
626804362
626804372
626804382
626804392
626804402
626804412
626804422
626804432
626804442
626804452
626804462
626804472
626804482
626804492
626804502
626804512
626804522
626804532
626804543
626804553
626804563
626804573
626804583
626804593
626804603
626804613
626804623
626804633
626804643
626804653
626804663
626804673
626804683
626804693
626804703
626804713
626804723
626804734
626804744
626804754
626804764
626804774
626804784
626804794
626804804
626804814
626804824
626804834
626804844
626804854
626804864
626804874
626804884
626804894
626804904
626804914
626804925
626804935
626804945
626804955
626804965
626804975
626804985
626804995
626805005
626805015
626805025
626805035
626805045
626805055
626805065
626805075
626805085
626805095
626805106
626805116
626805126
626805136
626805146
626805156
626805166
626805176
626805186
626805196
626805206
626805216
626805226
626805236
626805246
626805256
626805266
626805276
626805286
626805297
626805307
626805317
626805327
626805337
626805347
626805357
626805367
626805377
626805387
626805397
626805407
626805417
626805427
626805437
626805447
626805457
626805467
626805478
626805488
626805498
626805508
626805518
626805528
626805538
626805548
626805558
626805568
626805578
626805588
626805598
626805608
626805618
626805628
626805638
626805648
626805658
626805669
626805679
626805689
626805699
626805709
626805719
626805729
626805739
626805749
626805759
626805769
626805779
626805789
626805799
626805809
626805819
626805829
626805839
626805850
626805860
626805870
626805880
626805890
626805900
626805910
626805920
626805930
626805940
626805950
626805960
626805970
626805980
626805990
626806000
626806010
626806020
626806030
626806041
626806051
626806061
626806071
626806081
626806091
626806101
626806111
626806121
626806131
626806141
626806151
626806161
626806171
626806181
626806191
626806201
626806211
626806222
626806232
626806242
626806252
626806262
626806272
626806282
626806292
626806302
626806312
626806322
626806332
626806342
626806352
626806362
626806372
626806382
626806392
626806402
626806413
626806423
626806433
626806443
626806453
626806463
626806473
626806483
626806493
626806503
626806513
626806523
626806533
626806543
626806553
626806563
626806573
626806583
626806593
626806604
626806614
626806624
626806634
626806644
626806654
626806664
626806674
626806684
626806694
626806704
626806714
626806724
626806734
626806744
626806754
626806764
626806774
626806785
626806795
626806805
626806815
626806825
626806835
626806845
626806855
626806865
626806875
626806885
626806895
626806905
626806915
626806925
626806935
626806945
626806955
626806965
626806976
626806986
626806996
626807006
626807016
626807026
626807036
626807046
626807056
626807066
626807076
626807086
626807096
626807106
626807116
626807126
626807136
626807146
626807157
626807167
626807177
626807187
626807197
626807207
626807217
626807227
626807237
626807247
626807257
626807267
626807277
626807287
626807297
626807307
626807317
626807327
626807337
626807348
626807358
626807368
626807378
626807388
626807398
626807408
626807418
626807428
626807438
626807448
626807458
626807468
626807478
626807488
626807498
626807508
626807518
626807529
626807539
626807549
626807559
626807569
626807579
626807589
626807599
626807609
626807619
626807629
626807639
626807649
626807659
626807669
626807679
626807689
626807699
626807709
626807720
626807730
626807740
626807750
626807760
626807770
626807780
626807790
626807800
626807810
626807820
626807830
626807840
626807850
626807860
626807870
626807880
626807890
626807900
626807911
626807921
626807931
626807941
626807951
626807961
626807971
626807981
626807991
626808001
626808011
626808021
626808031
626808041
626808051
626808061
626808071
626808081
626808092
626808102
626808112
626808122
626808132
626808142
626808152
626808162
626808172
626808182
626808192
626808202
626808212
626808222
626808232
626808242
626808252
626808262
626808272
626808283
626808293
626808303
626808313
626808323
626808333
626808343
626808353
626808363
626808373
626808383
626808393
626808403
626808413
626808423
626808433
626808443
626808453
626808464
626808474
626808484
626808494
626808504
626808514
626808524
626808534
626808544
626808554
626808564
626808574
626808584
626808594
626808604
626808614
626808624
626808634
626808644
626808655
626808665
626808675
626808685
626808695
626808705
626808715
626808725
626808735
626808745
626808755
626808765
626808775
626808785
626808795
626808805
626808815
626808825
626808836
626808846
626808856
626808866
626808876
626808886
626808896
626808906
626808916
626808926
626808936
626808946
626808956
626808966
626808976
626808986
626808996
626809006
626809016
626809027
626809037
626809047
626809057
626809067
626809077
626809087
626809097
626809107
626809117
626809127
626809137
626809147
626809157
626809167
626809177
626809187
626809197
626809207
626809218
626809228
626809238
626809248
626809258
626809268
626809278
626809288
626809298
626809308
626809318
626809328
626809338
626809348
626809358
626809368
626809378
626809388
626809399
626809409
626809419
626809429
626809439
626809449
626809459
626809469
626809479
626809489
626809499
626809509
626809519
626809529
626809539
626809549
626809559
626809569
626809579
626809590
626809600
626809610
626809620
626809630
626809640
626809650
626809660
626809670
626809680
626809690
626809700
626809710
626809720
626809730
626809740
626809750
626809760
626809771
626809781
626809791
626809801
626809811
626809821
626809831
626809841
626809851
626809861
626809871
626809881
626809891
626809901
626809911
626809921
626809931
626809941
626809951
626809962
626809972
626809982
626809992
626810002
626810012
626810022
626810032
626810042
626810052
626810062
626810072
626810082
626810092
626810102
626810112
626810122
626810132
626810143
626810153
626810163
626810173
626810183
626810193
626810203
626810213
626810223
626810233
626810243
626810253
626810263
626810273
626810283
626810293
626810303
626810313
626810323
626810334
626810344
626810354
626810364
626810374
626810384
626810394
626810404
626810414
626810424
626810434
626810444
626810454
626810464
626810474
626810484
626810494
626810504
626810515
626810525
626810535
626810545
626810555
626810565
626810575
626810585
626810595
626810605
626810615
626810625
626810635
626810645
626810655
626810665
626810675
626810685
626810695
626810706
626810716
626810726
626810736
626810746
626810756
626810766
626810776
626810786
626810796
626810806
626810816
626810826
626810836
626810846
626810856
626810866
626810876
626810886
626810897
626810907
626810917
626810927
626810937
626810947
626810957
626810967
626810977
626810987
626810997
626811007
626811017
626811027
626811037
626811047
626811057
626811067
626811078
626811088
626811098
626811108
626811118
626811128
626811138
626811148
626811158
626811168
626811178
626811188
626811198
626811208
626811218
626811228
626811238
626811248
626811258
626811269
626811279
626811289
626811299
626811309
626811319
626811329
626811339
626811349
626811359
626811369
626811379
626811389
626811399
626811409
626811419
626811429
626811439
626811450
626811460
626811470
626811480
626811490
626811500
626811510
626811520
626811530
626811540
626811550
626811560
626811570
626811580
626811590
626811600
626811610
626811620
626811630
626811641
626811651
626811661
626811671
626811681
626811691
626811701
626811711
626811721
626811731
626811741
626811751
626811761
626811771
626811781
626811791
626811801
626811811
626811822
626811832
626811842
626811852
626811862
626811872
626811882
626811892
626811902
626811912
626811922
626811932
626811942
626811952
626811962
626811972
626811982
626811992
626812002
626812013
626812023
626812033
626812043
626812053
626812063
626812073
626812083
626812093
626812103
626812113
626812123
626812133
626812143
626812153
626812163
626812173
626812183
626812193
626812204
626812214
626812224
626812234
626812244
626812254
626812264
626812274
626812284
626812294
626812304
626812314
626812324
626812334
626812344
626812354
626812364
626812374
626812385
626812395
626812405
626812415
626812425
626812435
626812445
626812455
626812465
626812475
626812485
626812495
626812505
626812515
626812525
626812535
626812545
626812555
626812565
626812576
626812586
626812596
626812606
626812616
626812626
626812636
626812646
626812656
626812666
626812676
626812686
626812696
626812706
626812716
626812726
626812736
626812746
626812757
626812767
626812777
626812787
626812797
626812807
626812817
626812827
626812837
626812847
626812857
626812867
626812877
626812887
626812897
626812907
626812917
626812927
626812937
626812948
626812958
626812968
626812978
626812988
626812998
626813008
626813018
626813028
626813038
626813048
626813058
626813068
626813078
626813088
626813098
626813108
626813118
626813129
626813139
626813149
626813159
626813169
626813179
626813189
626813199
626813209
626813219
626813229
626813239
626813249
626813259
626813269
626813279
626813289
626813299
626813309
626813320
626813330
626813340
626813350
626813360
626813370
626813380
626813390
626813400
626813410
626813420
626813430
626813440
626813450
626813460
626813470
626813480
626813490
626813501
626813511
626813521
626813531
626813541
626813551
626813561
626813571
626813581
626813591
626813601
626813611
626813621
626813631
626813641
626813651
626813661
626813671
626813681
626813692
626813702
626813712
626813722
626813732
626813742
626813752
626813762
626813772
626813782
626813792
626813802
626813812
626813822
626813832
626813842
626813852
626813862
626813872
626813883
626813893
626813903
626813913
626813923
626813933
626813943
626813953
626813963
626813973
626813983
626813993
626814003
626814013
626814023
626814033
626814043
626814053
626814064
626814074
626814084
626814094
626814104
626814114
626814124
626814134
626814144
626814154
626814164
626814174
626814184
626814194
626814204
626814214
626814224
626814234
626814244
626814255
626814265
626814275
626814285
626814295
626814305
626814315
626814325
626814335
626814345
626814355
626814365
626814375
626814385
626814395
626814405
626814415
626814425
626814436
626814446
626814456
626814466
626814476
626814486
626814496
626814506
626814516
626814526
626814536
626814546
626814556
626814566
626814576
626814586
626814596
626814606
626814616
626814627
626814637
626814647
626814657
626814667
626814677
626814687
626814697
626814707
626814717
626814727
626814737
626814747
626814757
626814767
626814777
626814787
626814797
626814808
626814818
626814828
626814838
626814848
626814858
626814868
626814878
626814888
626814898
626814908
626814918
626814928
626814938
626814948
626814958
626814968
626814978
626814988
626814999
626815009
626815019
626815029
626815039
626815049
626815059
626815069
626815079
626815089
626815099
626815109
626815119
626815129
626815139
626815149
626815159
626815169
626815180
626815190
626815200
626815210
626815220
626815230
626815240
626815250
626815260
626815270
626815280
626815290
626815300
626815310
626815320
626815330
626815340
626815350
626815360
626815371
626815381
626815391
626815401
626815411
626815421
626815431
626815441
626815451
626815461
626815471
626815481
626815491
626815501
626815511
626815521
626815531
626815541
626815551
626815562
626815572
626815582
626815592
626815602
626815612
626815622
626815632
626815642
626815652
626815662
626815672
626815682
626815692
626815702
626815712
626815722
626815732
626815743
626815753
626815763
626815773
626815783
626815793
626815803
626815813
626815823
626815833
626815843
626815853
626815863
626815873
626815883
626815893
626815903
626815913
626815923
626815934
626815944
626815954
626815964
626815974
626815984
626815994
626816004
626816014
626816024
626816034
626816044
626816054
626816064
626816074
626816084
626816094
626816104
626816115
626816125
626816135
626816145
626816155
626816165
626816175
626816185
626816195
626816205
626816215
626816225
626816235
626816245
626816255
626816265
626816275
626816285
626816295
626816306
626816316
626816326
626816336
626816346
626816356
626816366
626816376
626816386
626816396
626816406
626816416
626816426
626816436
626816446
626816456
626816466
626816476
626816487
626816497
626816507
626816517
626816527
626816537
626816547
626816557
626816567
626816577
626816587
626816597
626816607
626816617
626816627
626816637
626816647
626816657
626816667
626816678
626816688
626816698
626816708
626816718
626816728
626816738
626816748
626816758
626816768
626816778
626816788
626816798
626816808
626816818
626816828
626816838
626816848
626816858
626816869
626816879
626816889
626816899
626816909
626816919
626816929
626816939
626816949
626816959
626816969
626816979
626816989
626816999
626817009
626817019
626817029
626817039
626817050
626817060
626817070
626817080
626817090
626817100
626817110
626817120
626817130
626817140
626817150
626817160
626817170
626817180
626817190
626817200
626817210
626817220
626817230
626817241
626817251
626817261
626817271
626817281
626817291
626817301
626817311
626817321
626817331
626817341
626817351
626817361
626817371
626817381
626817391
626817401
626817411
626817422
626817432
626817442
626817452
626817462
626817472
626817482
626817492
626817502
626817512
626817522
626817532
626817542
626817552
626817562
626817572
626817582
626817592
626817602
626817613
626817623
626817633
626817643
626817653
626817663
626817673
626817683
626817693
626817703
626817713
626817723
626817733
626817743
626817753
626817763
626817773
626817783
626817794
626817804
626817814
626817824
626817834
626817844
626817854
626817864
626817874
626817884
626817894
626817904
626817914
626817924
626817934
626817944
626817954
626817964
626817974
626817985
626817995
626818005
626818015
626818025
626818035
626818045
626818055
626818065
626818075
626818085
626818095
626818105
626818115
626818125
626818135
626818145
626818155
626818166
626818176
626818186
626818196
626818206
626818216
626818226
626818236
626818246
626818256
626818266
626818276
626818286
626818296
626818306
626818316
626818326
626818336
626818346
626818357
626818367
626818377
626818387
626818397
626818407
626818417
626818427
626818437
626818447
626818457
626818467
626818477
626818487
626818497
626818507
626818517
626818527
626818537
626818548
626818558
626818568
626818578
626818588
626818598
626818608
626818618
626818628
626818638
626818648
626818658
626818668
626818678
626818688
626818698
626818708
626818718
626818729
626818739
626818749
626818759
626818769
626818779
626818789
626818799
626818809
626818819
626818829
626818839
626818849
626818859
626818869
626818879
626818889
626818899
626818909
626818920
626818930
626818940
626818950
626818960
626818970
626818980
626818990
626819000
626819010
626819020
626819030
626819040
626819050
626819060
626819070
626819080
626819090
626819101
626819111
626819121
626819131
626819141
626819151
626819161
626819171
626819181
626819191
626819201
626819211
626819221
626819231
626819241
626819251
626819261
626819271
626819281
626819292
626819302
626819312
626819322
626819332
626819342
626819352
626819362
626819372
626819382
626819392
626819402
626819412
626819422
626819432
626819442
626819452
626819462
626819473
626819483
626819493
626819503
626819513
626819523
626819533
626819543
626819553
626819563
626819573
626819583
626819593
626819603
626819613
626819623
626819633
626819643
626819653
626819664
626819674
626819684
626819694
626819704
626819714
626819724
626819734
626819744
626819754
626819764
626819774
626819784
626819794
626819804
626819814
626819824
626819834
626819844
626819855
626819865
626819875
626819885
626819895
626819905
626819915
626819925
626819935
626819945
626819955
626819965
626819975
626819985
626819995
626820005
626820015
626820025
626820036
626820046
626820056
626820066
626820076
626820086
626820096
626820106
626820116
626820126
626820136
626820146
626820156
626820166
626820176
626820186
626820196
626820206
626820216
626820227
626820237
626820247
626820257
626820267
626820277
626820287
626820297
626820307
626820317
626820327
626820337
626820347
626820357
626820367
626820377
626820387
626820397
626820408
626820418
626820428
626820438
626820448
626820458
626820468
626820478
626820488
626820498
626820508
626820518
626820528
626820538
626820548
626820558
626820568
626820578
626820588
626820599
626820609
626820619
626820629
626820639
626820649
626820659
626820669
626820679
626820689
626820699
626820709
626820719
626820729
626820739
626820749
626820759
626820769
626820780
626820790
626820800
626820810
626820820
626820830
626820840
626820850
626820860
626820870
626820880
626820890
626820900
626820910
626820920
626820930
626820940
626820950
626820960
626820971
626820981
626820991
626821001
626821011
626821021
626821031
626821041
626821051
626821061
626821071
626821081
626821091
626821101
626821111
626821121
626821131
626821141
626821152
626821162
626821172
626821182
626821192
626821202
626821212
626821222
626821232
626821242
626821252
626821262
626821272
626821282
626821292
626821302
626821312
626821322
626821332
626821343
626821353
626821363
626821373
626821383
626821393
626821403
626821413
626821423
626821433
626821443
626821453
626821463
626821473
626821483
626821493
626821503
626821513
626821523
626821534
626821544
626821554
626821564
626821574
626821584
626821594
626821604
626821614
626821624
626821634
626821644
626821654
626821664
626821674
626821684
626821694
626821704
626821715
626821725
626821735
626821745
626821755
626821765
626821775
626821785
626821795
626821805
626821815
626821825
626821835
626821845
626821855
626821865
626821875
626821885
626821895
626821906
626821916
626821926
626821936
626821946
626821956
626821966
626821976
626821986
626821996
626822006
626822016
626822026
626822036
626822046
626822056
626822066
626822076
626822087
626822097
626822107
626822117
626822127
626822137
626822147
626822157
626822167
626822177
626822187
626822197
626822207
626822217
626822227
626822237
626822247
626822257
626822267
626822278
626822288
626822298
626822308
626822318
626822328
626822338
626822348
626822358
626822368
626822378
626822388
626822398
626822408
626822418
626822428
626822438
626822448
626822459
626822469
626822479
626822489
626822499
626822509
626822519
626822529
626822539
626822549
626822559
626822569
626822579
626822589
626822599
626822609
626822619
626822629
626822639
626822650
626822660
626822670
626822680
626822690
626822700
626822710
626822720
626822730
626822740
626822750
626822760
626822770
626822780
626822790
626822800
626822810
626822820
626822831
626822841
626822851
626822861
626822871
626822881
626822891
626822901
626822911
626822921
626822931
626822941
626822951
626822961
626822971
626822981
626822991
626823001
626823011
626823022
626823032
626823042
626823052
626823062
626823072
626823082
626823092
626823102
626823112
626823122
626823132
626823142
626823152
626823162
626823172
626823182
626823192
626823202
626823213
626823223
626823233
626823243
626823253
626823263
626823273
626823283
626823293
626823303
626823313
626823323
626823333
626823343
626823353
626823363
626823373
626823383
626823394
626823404
626823414
626823424
626823434
626823444
626823454
626823464
626823474
626823484
626823494
626823504
626823514
626823524
626823534
626823544
626823554
626823564
626823574
626823585
626823595
626823605
626823615
626823625
626823635
626823645
626823655
626823665
626823675
626823685
626823695
626823705
626823715
626823725
626823735
626823745
626823755
626823766
626823776
626823786
626823796
626823806
626823816
626823826
626823836
626823846
626823856
626823866
626823876
626823886
626823896
626823906
626823916
626823926
626823936
626823946
626823957
626823967
626823977
626823987
626823997
626824007
626824017
626824027
626824037
626824047
626824057
626824067
626824077
626824087
626824097
626824107
626824117
626824127
626824138
626824148
626824158
626824168
626824178
626824188
626824198
626824208
626824218
626824228
626824238
626824248
626824258
626824268
626824278
626824288
626824298
626824308
626824318
626824329
626824339
626824349
626824359
626824369
626824379
626824389
626824399
626824409
626824419
626824429
626824439
626824449
626824459
626824469
626824479
626824489
626824499
626824509
626824520
626824530
626824540
626824550
626824560
626824570
626824580
626824590
626824600
626824610
626824620
626824630
626824640
626824650
626824660
626824670
626824680
626824690
626824701
626824711
626824721
626824731
626824741
626824751
626824761
626824771
626824781
626824791
626824801
626824811
626824821
626824831
626824841
626824851
626824861
626824871
626824881
626824892
626824902
626824912
626824922
626824932
626824942
626824952
626824962
626824972
626824982
626824992
626825002
626825012
626825022
626825032
626825042
626825052
626825062
626825073
626825083
626825093
626825103
626825113
626825123
626825133
626825143
626825153
626825163
626825173
626825183
626825193
626825203
626825213
626825223
626825233
626825243
626825253
626825264
626825274
626825284
626825294
626825304
626825314
626825324
626825334
626825344
626825354
626825364
626825374
626825384
626825394
626825404
626825414
626825424
626825434
626825445
626825455
626825465
626825475
626825485
626825495
626825505
626825515
626825525
626825535
626825545
626825555
626825565
626825575
626825585
626825595
626825605
626825615
626825625
626825636
626825646
626825656
626825666
626825676
626825686
626825696
626825706
626825716
626825726
626825736
626825746
626825756
626825766
626825776
626825786
626825796
626825806
626825817
626825827
626825837
626825847
626825857
626825867
626825877
626825887
626825897
626825907
626825917
626825927
626825937
626825947
626825957
626825967
626825977
626825987
626825997
626826008
626826018
626826028
626826038
626826048
626826058
626826068
626826078
626826088
626826098
626826108
626826118
626826128
626826138
626826148
626826158
626826168
626826178
626826188
626826199
626826209
626826219
626826229
626826239
626826249
626826259
626826269
626826279
626826289
626826299
626826309
626826319
626826329
626826339
626826349
626826359
626826369
626826380
626826390
626826400
626826410
626826420
626826430
626826440
626826450
626826460
626826470
626826480
626826490
626826500
626826510
626826520
626826530
626826540
626826550
626826560
626826571
626826581
626826591
626826601
626826611
626826621
626826631
626826641
626826651
626826661
626826671
626826681
626826691
626826701
626826711
626826721
626826731
626826741
626826752
626826762
626826772
626826782
626826792
626826802
626826812
626826822
626826832
626826842
626826852
626826862
626826872
626826882
626826892
626826902
626826912
626826922
626826932
626826943
626826953
626826963
626826973
626826983
626826993
626827003
626827013
626827023
626827033
626827043
626827053
626827063
626827073
626827083
626827093
626827103
626827113
626827124
626827134
626827144
626827154
626827164
626827174
626827184
626827194
626827204
626827214
626827224
626827234
626827244
626827254
626827264
626827274
626827284
626827294
626827304
626827315
626827325
626827335
626827345
626827355
626827365
626827375
626827385
626827395
626827405
626827415
626827425
626827435
626827445
626827455
626827465
626827475
626827485
626827496
626827506
626827516
626827526
626827536
626827546
626827556
626827566
626827576
626827586
626827596
626827606
626827616
626827626
626827636
626827646
626827656
626827666
626827676
626827687
626827697
626827707
626827717
626827727
626827737
626827747
626827757
626827767
626827777
626827787
626827797
626827807
626827817
626827827
626827837
626827847
626827857
626827867
626827878
626827888
626827898
626827908
626827918
626827928
626827938
626827948
626827958
626827968
626827978
626827988
626827998
626828008
626828018
626828028
626828038
626828048
626828059
626828069
626828079
626828089
626828099
626828109
626828119
626828129
626828139
626828149
626828159
626828169
626828179
626828189
626828199
626828209
626828219
626828229
626828239
626828250
626828260
626828270
626828280
626828290
626828300
626828310
626828320
626828330
626828340
626828350
626828360
626828370
626828380
626828390
626828400
626828410
626828420
626828431
626828441
626828451
626828461
626828471
626828481
626828491
626828501
626828511
626828521
626828531
626828541
626828551
626828561
626828571
626828581
626828591
626828601
626828611
626828622
626828632
626828642
626828652
626828662
626828672
626828682
626828692
626828702
626828712
626828722
626828732
626828742
626828752
626828762
626828772
626828782
626828792
626828803
626828813
626828823
626828833
626828843
626828853
626828863
626828873
626828883
626828893
626828903
626828913
626828923
626828933
626828943
626828953
626828963
626828973
626828983
626828994
626829004
626829014
626829024
626829034
626829044
626829054
626829064
626829074
626829084
626829094
626829104
626829114
626829124
626829134
626829144
626829154
626829164
626829175
626829185
626829195
626829205
626829215
626829225
626829235
626829245
626829255
626829265
626829275
626829285
626829295
626829305
626829315
626829325
626829335
626829345
626829355
626829366
626829376
626829386
626829396
626829406
626829416
626829426
626829436
626829446
626829456
626829466
626829476
626829486
626829496
626829506
626829516
626829526
626829536
626829546
626829557
626829567
626829577
626829587
626829597
626829607
626829617
626829627
626829637
626829647
626829657
626829667
626829677
626829687
626829697
626829707
626829717
626829727
626829738
626829748
626829758
626829768
626829778
626829788
626829798
626829808
626829818
626829828
626829838
626829848
626829858
626829868
626829878
626829888
626829898
626829908
626829918
626829929
626829939
626829949
626829959
626829969
626829979
626829989
626829999
626830009
626830019
626830029
626830039
626830049
626830059
626830069
626830079
626830089
626830099
626830110
626830120
626830130
626830140
626830150
626830160
626830170
626830180
626830190
626830200
626830210
626830220
626830230
626830240
626830250
626830260
626830270
626830280
626830290
626830301
626830311
626830321
626830331
626830341
626830351
626830361
626830371
626830381
626830391
626830401
626830411
626830421
626830431
626830441
626830451
626830461
626830471
626830482
626830492
626830502
626830512
626830522
626830532
626830542
626830552
626830562
626830572
626830582
626830592
626830602
626830612
626830622
626830632
626830642
626830652
626830662
626830673
626830683
626830693
626830703
626830713
626830723
626830733
626830743
626830753
626830763
626830773
626830783
626830793
626830803
626830813
626830823
626830833
626830843
626830854
626830864
626830874
626830884
626830894
626830904
626830914
626830924
626830934
626830944
626830954
626830964
626830974
626830984
626830994
626831004
626831014
626831024
626831034
626831045
626831055
626831065
626831075
626831085
626831095
626831105
626831115
626831125
626831135
626831145
626831155
626831165
626831175
626831185
626831195
626831205
626831215
626831225
626831236
626831246
626831256
626831266
626831276
626831286
626831296
626831306
626831316
626831326
626831336
626831346
626831356
626831366
626831376
626831386
626831396
626831406
626831417
626831427
626831437
626831447
626831457
626831467
626831477
626831487
626831497
626831507
626831517
626831527
626831537
626831547
626831557
626831567
626831577
626831587
626831597
626831608
626831618
626831628
626831638
626831648
626831658
626831668
626831678
626831688
626831698
626831708
626831718
626831728
626831738
626831748
626831758
626831768
626831778
626831789
626831799
626831809
626831819
626831829
626831839
626831849
626831859
626831869
626831879
626831889
626831899
626831909
626831919
626831929
626831939
626831949
626831959
626831969
626831980
626831990
626832000
626832010
626832020
626832030
626832040
626832050
626832060
626832070
626832080
626832090
626832100
626832110
626832120
626832130
626832140
626832150
626832161
626832171
626832181
626832191
626832201
626832211
626832221
626832231
626832241
626832251
626832261
626832271
626832281
626832291
626832301
626832311
626832321
626832331
626832341
626832352
626832362
626832372
626832382
626832392
626832402
626832412
626832422
626832432
626832442
626832452
626832462
626832472
626832482
626832492
626832502
626832512
626832522
626832533
626832543
626832553
626832563
626832573
626832583
626832593
626832603
626832613
626832623
626832633
626832643
626832653
626832663
626832673
626832683
626832693
626832703
626832713
626832724
626832734
626832744
626832754
626832764
626832774
626832784
626832794
626832804
626832814
626832824
626832834
626832844
626832854
626832864
626832874
626832884
626832894
626832904
626832915
626832925
626832935
626832945
626832955
626832965
626832975
626832985
626832995
626833005
626833015
626833025
626833035
626833045
626833055
626833065
626833075
626833085
626833096
626833106
626833116
626833126
626833136
626833146
626833156
626833166
626833176
626833186
626833196
626833206
626833216
626833226
626833236
626833246
626833256
626833266
626833276
626833287
626833297
626833307
626833317
626833327
626833337
626833347
626833357
626833367
626833377
626833387
626833397
626833407
626833417
626833427
626833437
626833447
626833457
626833468
626833478
626833488
626833498
626833508
626833518
626833528
626833538
626833548
626833558
626833568
626833578
626833588
626833598
626833608
626833618
626833628
626833638
626833648
626833659
626833669
626833679
626833689
626833699
626833709
626833719
626833729
626833739
626833749
626833759
626833769
626833779
626833789
626833799
626833809
626833819
626833829
626833840
626833850
626833860
626833870
626833880
626833890
626833900
626833910
626833920
626833930
626833940
626833950
626833960
626833970
626833980
626833990
626834000
626834010
626834020
626834031
626834041
626834051
626834061
626834071
626834081
626834091
626834101
626834111
626834121
626834131
626834141
626834151
626834161
626834171
626834181
626834191
626834201
626834212
626834222
626834232
626834242
626834252
626834262
626834272
626834282
626834292
626834302
626834312
626834322
626834332
626834342
626834352
626834362
626834372
626834382
626834392
626834403
626834413
626834423
626834433
626834443
626834453
626834463
626834473
626834483
626834493
626834503
626834513
626834523
626834533
626834543
626834553
626834563
626834573
626834584
626834594
626834604
626834614
626834624
626834634
626834644
626834654
626834664
626834674
626834684
626834694
626834704
626834714
626834724
626834734
626834744
626834754
626834764
626834775
626834785
626834795
626834805
626834815
626834825
626834835
626834845
626834855
626834865
626834875
626834885
626834895
626834905
626834915
626834925
626834935
626834945
626834955
626834966
626834976
626834986
626834996
626835006
626835016
626835026
626835036
626835046
626835056
626835066
626835076
626835086
626835096
626835106
626835116
626835126
626835136
626835147
626835157
626835167
626835177
626835187
626835197
626835207
626835217
626835227
626835237
626835247
626835257
626835267
626835277
626835287
626835297
626835307
626835317
626835327
626835338
626835348
626835358
626835368
626835378
626835388
626835398
626835408
626835418
626835428
626835438
626835448
626835458
626835468
626835478
626835488
626835498
626835508
626835519
626835529
626835539
626835549
626835559
626835569
626835579
626835589
626835599
626835609
626835619
626835629
626835639
626835649
626835659
626835669
626835679
626835689
626835699
626835710
626835720
626835730
626835740
626835750
626835760
626835770
626835780
626835790
626835800
626835810
626835820
626835830
626835840
626835850
626835860
626835870
626835880
626835891
626835901
626835911
626835921
626835931
626835941
626835951
626835961
626835971
626835981
626835991
626836001
626836011
626836021
626836031
626836041
626836051
626836061
626836071
626836082
626836092
626836102
626836112
626836122
626836132
626836142
626836152
626836162
626836172
626836182
626836192
626836202
626836212
626836222
626836232
626836242
626836252
626836263
626836273
626836283
626836293
626836303
626836313
626836323
626836333
626836343
626836353
626836363
626836373
626836383
626836393
626836403
626836413
626836423
626836433
626836443
626836454
626836464
626836474
626836484
626836494
626836504
626836514
626836524
626836534
626836544
626836554
626836564
626836574
626836584
626836594
626836604
626836614
626836624
626836634
626836645
626836655
626836665
626836675
626836685
626836695
626836705
626836715
626836725
626836735
626836745
626836755
626836765
626836775
626836785
626836795
626836805
626836815
626836826
626836836
626836846
626836856
626836866
626836876
626836886
626836896
626836906
626836916
626836926
626836936
626836946
626836956
626836966
626836976
626836986
626836996
626837006
626837017
626837027
626837037
626837047
626837057
626837067
626837077
626837087
626837097
626837107
626837117
626837127
626837137
626837147
626837157
626837167
626837177
626837187
626837198
626837208
626837218
626837228
626837238
626837248
626837258
626837268
626837278
626837288
626837298
626837308
626837318
626837328
626837338
626837348
626837358
626837368
626837378
626837389
626837399
626837409
626837419
626837429
626837439
626837449
626837459
626837469
626837479
626837489
626837499
626837509
626837519
626837529
626837539
626837549
626837559
626837570
626837580
626837590
626837600
626837610
626837620
626837630
626837640
626837650
626837660
626837670
626837680
626837690
626837700
626837710
626837720
626837730
626837740
626837750
626837761
626837771
626837781
626837791
626837801
626837811
626837821
626837831
626837841
626837851
626837861
626837871
626837881
626837891
626837901
626837911
626837921
626837931
626837942
626837952
626837962
626837972
626837982
626837992
626838002
626838012
626838022
626838032
626838042
626838052
626838062
626838072
626838082
626838092
626838102
626838112
626838122
626838133
626838143
626838153
626838163
626838173
626838183
626838193
626838203
626838213
626838223
626838233
626838243
626838253
626838263
626838273
626838283
626838293
626838303
626838314
626838324
626838334
626838344
626838354
626838364
626838374
626838384
626838394
626838404
626838414
626838424
626838434
626838444
626838454
626838464
626838474
626838484
626838494
626838505
626838515
626838525
626838535
626838545
626838555
626838565
626838575
626838585
626838595
626838605
626838615
626838625
626838635
626838645
626838655
626838665
626838675
626838685
626838696
626838706
626838716
626838726
626838736
626838746
626838756
626838766
626838776
626838786
626838796
626838806
626838816
626838826
626838836
626838846
626838856
626838866
626838877
626838887
626838897
626838907
626838917
626838927
626838937
626838947
626838957
626838967
626838977
626838987
626838997
626839007
626839017
626839027
626839037
626839047
626839057
626839068
626839078
626839088
626839098
626839108
626839118
626839128
626839138
626839148
626839158
626839168
626839178
626839188
626839198
626839208
626839218
626839228
626839238
626839249
626839259
626839269
626839279
626839289
626839299
626839309
626839319
626839329
626839339
626839349
626839359
626839369
626839379
626839389
626839399
626839409
626839419
626839429
626839440
626839450
626839460
626839470
626839480
626839490
626839500
626839510
626839520
626839530
626839540
626839550
626839560
626839570
626839580
626839590
626839600
626839610
626839621
626839631
626839641
626839651
626839661
626839671
626839681
626839691
626839701
626839711
626839721
626839731
626839741
626839751
626839761
626839771
626839781
626839791
626839801
626839812
626839822
626839832
626839842
626839852
626839862
626839872
626839882
626839892
626839902
626839912
626839922
626839932
626839942
626839952
626839962
626839972
626839982
626839993
626840003
626840013
626840023
626840033
626840043
626840053
626840063
626840073
626840083
626840093
626840103
626840113
626840123
626840133
626840143
626840153
626840163
626840173
626840184
626840194
626840204
626840214
626840224
626840234
626840244
626840254
626840264
626840274
626840284
626840294
626840304
626840314
626840324
626840334
626840344
626840354
626840364
626840375
626840385
626840395
626840405
626840415
626840425
626840435
626840445
626840455
626840465
626840475
626840485
626840495
626840505
626840515
626840525
626840535
626840545
626840556
626840566
626840576
626840586
626840596
626840606
626840616
626840626
626840636
626840646
626840656
626840666
626840676
626840686
626840696
626840706
626840716
626840726
626840736
626840747
626840757
626840767
626840777
626840787
626840797
626840807
626840817
626840827
626840837
626840847
626840857
626840867
626840877
626840887
626840897
626840907
626840917
626840928
626840938
626840948
626840958
626840968
626840978
626840988
626840998
626841008
626841018
626841028
626841038
626841048
626841058
626841068
626841078
626841088
626841098
626841108
626841119
626841129
626841139
626841149
626841159
626841169
626841179
626841189
626841199
626841209
626841219
626841229
626841239
626841249
626841259
626841269
626841279
626841289
626841300
626841310
626841320
626841330
626841340
626841350
626841360
626841370
626841380
626841390
626841400
626841410
626841420
626841430
626841440
626841450
626841460
626841470
626841480
626841491
626841501
626841511
626841521
626841531
626841541
626841551
626841561
626841571
626841581
626841591
626841601
626841611
626841621
626841631
626841641
626841651
626841661
626841672
626841682
626841692
626841702
626841712
626841722
626841732
626841742
626841752
626841762
626841772
626841782
626841792
626841802
626841812
626841822
626841832
626841842
626841852
626841863
626841873
626841883
626841893
626841903
626841913
626841923
626841933
626841943
626841953
626841963
626841973
626841983
626841993
626842003
626842013
626842023
626842033
626842044
626842054
626842064
626842074
626842084
626842094
626842104
626842114
626842124
626842134
626842144
626842154
626842164
626842174
626842184
626842194
626842204
626842214
626842224
626842235
626842245
626842255
626842265
626842275
626842285
626842295
626842305
626842315
626842325
626842335
626842345
626842355
626842365
626842375
626842385
626842395
626842405
626842415
626842426
626842436
626842446
626842456
626842466
626842476
626842486
626842496
626842506
626842516
626842526
626842536
626842546
626842556
626842566
626842576
626842586
626842596
626842607
626842617
626842627
626842637
626842647
626842657
626842667
626842677
626842687
626842697
626842707
626842717
626842727
626842737
626842747
626842757
626842767
626842777
626842787
626842798
626842808
626842818
626842828
626842838
626842848
626842858
626842868
626842878
626842888
626842898
626842908
626842918
626842928
626842938
626842948
626842958
626842968
626842979
626842989
626842999
626843009
626843019
626843029
626843039
626843049
626843059
626843069
626843079
626843089
626843099
626843109
626843119
626843129
626843139
626843149
626843159
626843170
626843180
626843190
626843200
626843210
626843220
626843230
626843240
626843250
626843260
626843270
626843280
626843290
626843300
626843310
626843320
626843330
626843340
626843351
626843361
626843371
626843381
626843391
626843401
626843411
626843421
626843431
626843441
626843451
626843461
626843471
626843481
626843491
626843501
626843511
626843521
626843531
626843542
626843552
626843562
626843572
626843582
626843592
626843602
626843612
626843622
626843632
626843642
626843652
626843662
626843672
626843682
626843692
626843702
626843712
626843723
626843733
626843743
626843753
626843763
626843773
626843783
626843793
626843803
626843813
626843823
626843833
626843843
626843853
626843863
626843873
626843883
626843893
626843903
626843914
626843924
626843934
626843944
626843954
626843964
626843974
626843984
626843994
626844004
626844014
626844024
626844034
626844044
626844054
626844064
626844074
626844084
626844095
626844105
626844115
626844125
626844135
626844145
626844155
626844165
626844175
626844185
626844195
626844205
626844215
626844225
626844235
626844245
626844255
626844265
626844275
626844286
626844296
626844306
626844316
626844326
626844336
626844346
626844356
626844366
626844376
626844386
626844396
626844406
626844416
626844426
626844436
626844446
626844456
626844466
626844477
626844487
626844497
626844507
626844517
626844527
626844537
626844547
626844557
626844567
626844577
626844587
626844597
626844607
626844617
626844627
626844637
626844647
626844658
626844668
626844678
626844688
626844698
626844708
626844718
626844728
626844738
626844748
626844758
626844768
626844778
626844788
626844798
626844808
626844818
626844828
626844838
626844849
626844859
626844869
626844879
626844889
626844899
626844909
626844919
626844929
626844939
626844949
626844959
626844969
626844979
626844989
626844999
626845009
626845019
626845030
626845040
626845050
626845060
626845070
626845080
626845090
626845100
626845110
626845120
626845130
626845140
626845150
626845160
626845170
626845180
626845190
626845200
626845210
626845221
626845231
626845241
626845251
626845261
626845271
626845281
626845291
626845301
626845311
626845321
626845331
626845341
626845351
626845361
626845371
626845381
626845391
626845402
626845412
626845422
626845432
626845442
626845452
626845462
626845472
626845482
626845492
626845502
626845512
626845522
626845532
626845542
626845552
626845562
626845572
626845582
626845593
626845603
626845613
626845623
626845633
626845643
626845653
626845663
626845673
626845683
626845693
626845703
626845713
626845723
626845733
626845743
626845753
626845763
626845774
626845784
626845794
626845804
626845814
626845824
626845834
626845844
626845854
626845864
626845874
626845884
626845894
626845904
626845914
626845924
626845934
626845944
626845954
626845965
626845975
626845985
626845995
626846005
626846015
626846025
626846035
626846045
626846055
626846065
626846075
626846085
626846095
626846105
626846115
626846125
626846135
626846146
626846156
626846166
626846176
626846186
626846196
626846206
626846216
626846226
626846236
626846246
626846256
626846266
626846276
626846286
626846296
626846306
626846316
626846326
626846337
626846347
626846357
626846367
626846377
626846387
626846397
626846407
626846417
626846427
626846437
626846447
626846457
626846467
626846477
626846487
626846497
626846507
626846517
626846528
626846538
626846548
626846558
626846568
626846578
626846588
626846598
626846608
626846618
626846628
626846638
626846648
626846658
626846668
626846678
626846688
626846698
626846709
626846719
626846729
626846739
626846749
626846759
626846769
626846779
626846789
626846799
626846809
626846819
626846829
626846839
626846849
626846859
626846869
626846879
626846889
626846900
626846910
626846920
626846930
626846940
626846950
626846960
626846970
626846980
626846990
626847000
626847010
626847020
626847030
626847040
626847050
626847060
626847070
626847081
626847091
626847101
626847111
626847121
626847131
626847141
626847151
626847161
626847171
626847181
626847191
626847201
626847211
626847221
626847231
626847241
626847251
626847261
626847272
626847282
626847292
626847302
626847312
626847322
626847332
626847342
626847352
626847362
626847372
626847382
626847392
626847402
626847412
626847422
626847432
626847442
626847453
626847463
626847473
626847483
626847493
626847503
626847513
626847523
626847533
626847543
626847553
626847563
626847573
626847583
626847593
626847603
626847613
626847623
626847633
626847644
626847654
626847664
626847674
626847684
626847694
626847704
626847714
626847724
626847734
626847744
626847754
626847764
626847774
626847784
626847794
626847804
626847814
626847825
626847835
626847845
626847855
626847865
626847875
626847885
626847895
626847905
626847915
626847925
626847935
626847945
626847955
626847965
626847975
626847985
626847995
626848005
626848016
626848026
626848036
626848046
626848056
626848066
626848076
626848086
626848096
626848106
626848116
626848126
626848136
626848146
626848156
626848166
626848176
626848186
626848197
626848207
626848217
626848227
626848237
626848247
626848257
626848267
626848277
626848287
626848297
626848307
626848317
626848327
626848337
626848347
626848357
626848367
626848377
626848388
626848398
626848408
626848418
626848428
626848438
626848448
626848458
626848468
626848478
626848488
626848498
626848508
626848518
626848528
626848538
626848548
626848558
626848568
626848579
626848589
626848599
626848609
626848619
626848629
626848639
626848649
626848659
626848669
626848679
626848689
626848699
626848709
626848719
626848729
626848739
626848749
626848760
626848770
626848780
626848790
626848800
626848810
626848820
626848830
626848840
626848850
626848860
626848870
626848880
626848890
626848900
626848910
626848920
626848930
626848940
626848951
626848961
626848971
626848981
626848991
626849001
626849011
626849021
626849031
626849041
626849051
626849061
626849071
626849081
626849091
626849101
626849111
626849121
626849132
626849142
626849152
626849162
626849172
626849182
626849192
626849202
626849212
626849222
626849232
626849242
626849252
626849262
626849272
626849282
626849292
626849302
626849312
626849323
626849333
626849343
626849353
626849363
626849373
626849383
626849393
626849403
626849413
626849423
626849433
626849443
626849453
626849463
626849473
626849483
626849493
626849504
626849514
626849524
626849534
626849544
626849554
626849564
626849574
626849584
626849594
626849604
626849614
626849624
626849634
626849644
626849654
626849664
626849674
626849684
626849695
626849705
626849715
626849725
626849735
626849745
626849755
626849765
626849775
626849785
626849795
626849805
626849815
626849825
626849835
626849845
626849855
626849865
626849876
626849886
626849896
626849906
626849916
626849926
626849936
626849946
626849956
626849966
626849976
626849986
626849996
626850006
626850016
626850026
626850036
626850046
626850056
626850067
626850077
626850087
626850097
626850107
626850117
626850127
626850137
626850147
626850157
626850167
626850177
626850187
626850197
626850207
626850217
626850227
626850237
626850248
626850258
626850268
626850278
626850288
626850298
626850308
626850318
626850328
626850338
626850348
626850358
626850368
626850378
626850388
626850398
626850408
626850418
626850428
626850439
626850449
626850459
626850469
626850479
626850489
626850499
626850509
626850519
626850529
626850539
626850549
626850559
626850569
626850579
626850589
626850599
626850609
626850620
626850630
626850640
626850650
626850660
626850670
626850680
626850690
626850700
626850710
626850720
626850730
626850740
626850750
626850760
626850770
626850780
626850790
626850800
626850811
626850821
626850831
626850841
626850851
626850861
626850871
626850881
626850891
626850901
626850911
626850921
626850931
626850941
626850951
626850961
626850971
626850981
626850991
626851002
626851012
626851022
626851032
626851042
626851052
626851062
626851072
626851082
626851092
626851102
626851112
626851122
626851132
626851142
626851152
626851162
626851172
626851183
626851193
626851203
626851213
626851223
626851233
626851243
626851253
626851263
626851273
626851283
626851293
626851303
626851313
626851323
626851333
626851343
626851353
626851363
626851374
626851384
626851394
626851404
626851414
626851424
626851434
626851444
626851454
626851464
626851474
626851484
626851494
626851504
626851514
626851524
626851534
626851544
626851555
626851565
626851575
626851585
626851595
626851605
626851615
626851625
626851635
626851645
626851655
626851665
626851675
626851685
626851695
626851705
626851715
626851725
626851735
626851746
626851756
626851766
626851776
626851786
626851796
626851806
626851816
626851826
626851836
626851846
626851856
626851866
626851876
626851886
626851896
626851906
626851916
626851927
626851937
626851947
626851957
626851967
626851977
626851987
626851997
626852007
626852017
626852027
626852037
626852047
626852057
626852067
626852077
626852087
626852097
626852107
626852118
626852128
626852138
626852148
626852158
626852168
626852178
626852188
626852198
626852208
626852218
626852228
626852238
626852248
626852258
626852268
626852278
626852288
626852299
626852309
626852319
626852329
626852339
626852349
626852359
626852369
626852379
626852389
626852399
626852409
626852419
626852429
626852439
626852449
626852459
626852469
626852479
626852490
626852500
626852510
626852520
626852530
626852540
626852550
626852560
626852570
626852580
626852590
626852600
626852610
626852620
626852630
626852640
626852650
626852660
626852671
626852681
626852691
626852701
626852711
626852721
626852731
626852741
626852751
626852761
626852771
626852781
626852791
626852801
626852811
626852821
626852831
626852841
626852851
626852862
626852872
626852882
626852892
626852902
626852912
626852922
626852932
626852942
626852952
626852962
626852972
626852982
626852992
626853002
626853012
626853022
626853032
626853042
626853053
626853063
626853073
626853083
626853093
626853103
626853113
626853123
626853133
626853143
626853153
626853163
626853173
626853183
626853193
626853203
626853213
626853223
626853234
626853244
626853254
626853264
626853274
626853284
626853294
626853304
626853314
626853324
626853334
626853344
626853354
626853364
626853374
626853384
626853394
626853404
626853414
626853425
626853435
626853445
626853455
626853465
626853475
626853485
626853495
626853505
626853515
626853525
626853535
626853545
626853555
626853565
626853575
626853585
626853595
626853606
626853616
626853626
626853636
626853646
626853656
626853666
626853676
626853686
626853696
626853706
626853716
626853726
626853736
626853746
626853756
626853766
626853776
626853786
626853797
626853807
626853817
626853827
626853837
626853847
626853857
626853867
626853877
626853887
626853897
626853907
626853917
626853927
626853937
626853947
626853957
626853967
626853978
626853988
626853998
626854008
626854018
626854028
626854038
626854048
626854058
626854068
626854078
626854088
626854098
626854108
626854118
626854128
626854138
626854148
626854158
626854169
626854179
626854189
626854199
626854209
626854219
626854229
626854239
626854249
626854259
626854269
626854279
626854289
626854299
626854309
626854319
626854329
626854339
626854350
626854360
626854370
626854380
626854390
626854400
626854410
626854420
626854430
626854440
626854450
626854460
626854470
626854480
626854490
626854500
626854510
626854520
626854530
626854541
626854551
626854561
626854571
626854581
626854591
626854601
626854611
626854621
626854631
626854641
626854651
626854661
626854671
626854681
626854691
626854701
626854711
626854722
626854732
626854742
626854752
626854762
626854772
626854782
626854792
626854802
626854812
626854822
626854832
626854842
626854852
626854862
626854872
626854882
626854892
626854902
626854913
626854923
626854933
626854943
626854953
626854963
626854973
626854983
626854993
626855003
626855013
626855023
626855033
626855043
626855053
626855063
626855073
626855083
626855094
626855104
626855114
626855124
626855134
626855144
626855154
626855164
626855174
626855184
626855194
626855204
626855214
626855224
626855234
626855244
626855254
626855264
626855274
626855285
626855295
626855305
626855315
626855325
626855335
626855345
626855355
626855365
626855375
626855385
626855395
626855405
626855415
626855425
626855435
626855445
626855455
626855465
626855476
626855486
626855496
626855506
626855516
626855526
626855536
626855546
626855556
626855566
626855576
626855586
626855596
626855606
626855616
626855626
626855636
626855646
626855657
626855667
626855677
626855687
626855697
626855707
626855717
626855727
626855737
626855747
626855757
626855767
626855777
626855787
626855797
626855807
626855817
626855827
626855837
626855848
626855858
626855868
626855878
626855888
626855898
626855908
626855918
626855928
626855938
626855948
626855958
626855968
626855978
626855988
626855998
626856008
626856018
626856029
626856039
626856049
626856059
626856069
626856079
626856089
626856099
626856109
626856119
626856129
626856139
626856149
626856159
626856169
626856179
626856189
626856199
626856209
626856220
626856230
626856240
626856250
626856260
626856270
626856280
626856290
626856300
626856310
626856320
626856330
626856340
626856350
626856360
626856370
626856380
626856390
626856401
626856411
626856421
626856431
626856441
626856451
626856461
626856471
626856481
626856491
626856501
626856511
626856521
626856531
626856541
626856551
626856561
626856571
626856581
626856592
626856602
626856612
626856622
626856632
626856642
626856652
626856662
626856672
626856682
626856692
626856702
626856712
626856722
626856732
626856742
626856752
626856762
626856773
626856783
626856793
626856803
626856813
626856823
626856833
626856843
626856853
626856863
626856873
626856883
626856893
626856903
626856913
626856923
626856933
626856943
626856953
626856964
626856974
626856984
626856994
626857004
626857014
626857024
626857034
626857044
626857054
626857064
626857074
626857084
626857094
626857104
626857114
626857124
626857134
626857145
626857155
626857165
626857175
626857185
626857195
626857205
626857215
626857225
626857235
626857245
626857255
626857265
626857275
626857285
626857295
626857305
626857315
626857325
626857336
626857346
626857356
626857366
626857376
626857386
626857396
626857406
626857416
626857426
626857436
626857446
626857456
626857466
626857476
626857486
626857496
626857506
626857517
626857527
626857537
626857547
626857557
626857567
626857577
626857587
626857597
626857607
626857617
626857627
626857637
626857647
626857657
626857667
626857677
626857687
626857697
626857708
626857718
626857728
626857738
626857748
626857758
626857768
626857778
626857788
626857798
626857808
626857818
626857828
626857838
626857848
626857858
626857868
626857878
626857888
626857899
626857909
626857919
626857929
626857939
626857949
626857959
626857969
626857979
626857989
626857999
626858009
626858019
626858029
626858039
626858049
626858059
626858069
626858080
626858090
626858100
626858110
626858120
626858130
626858140
626858150
626858160
626858170
626858180
626858190
626858200
626858210
626858220
626858230
626858240
626858250
626858260
626858271
626858281
626858291
626858301
626858311
626858321
626858331
626858341
626858351
626858361
626858371
626858381
626858391
626858401
626858411
626858421
626858431
626858441
626858452
626858462
626858472
626858482
626858492
626858502
626858512
626858522
626858532
626858542
626858552
626858562
626858572
626858582
626858592
626858602
626858612
626858622
626858632
626858643
626858653
626858663
626858673
626858683
626858693
626858703
626858713
626858723
626858733
626858743
626858753
626858763
626858773
626858783
626858793
626858803
626858813
626858824
626858834
626858844
626858854
626858864
626858874
626858884
626858894
626858904
626858914
626858924
626858934
626858944
626858954
626858964
626858974
626858984
626858994
626859004
626859015
626859025
626859035
626859045
626859055
626859065
626859075
626859085
626859095
626859105
626859115
626859125
626859135
626859145
626859155
626859165
626859175
626859185
626859196
626859206
626859216
626859226
626859236
626859246
626859256
626859266
626859276
626859286
626859296
626859306
626859316
626859326
626859336
626859346
626859356
626859366
626859376
626859387
626859397
626859407
626859417
626859427
626859437
626859447
626859457
626859467
626859477
626859487
626859497
626859507
626859517
626859527
626859537
626859547
626859557
626859568
626859578
626859588
626859598
626859608
626859618
626859628
626859638
626859648
626859658
626859668
626859678
626859688
626859698
626859708
626859718
626859728
626859738
626859748
626859759
626859769
626859779
626859789
626859799
626859809
626859819
626859829
626859839
626859849
626859859
626859869
626859879
626859889
626859899
626859909
626859919
626859929
626859940
626859950
626859960
626859970
626859980
626859990
626860000
626860010
626860020
626860030
626860040
626860050
626860060
626860070
626860080
626860090
626860100
626860110
626860120
626860131
626860141
626860151
626860161
626860171
626860181
626860191
626860201
626860211
626860221
626860231
626860241
626860251
626860261
626860271
626860281
626860291
626860301
626860311
626860322
626860332
626860342
626860352
626860362
626860372
626860382
626860392
626860402
626860412
626860422
626860432
626860442
626860452
626860462
626860472
626860482
626860492
626860503
626860513
626860523
626860533
626860543
626860553
626860563
626860573
626860583
626860593
626860603
626860613
626860623
626860633
626860643
626860653
626860663
626860673
626860683
626860694
626860704
626860714
626860724
626860734
626860744
626860754
626860764
626860774
626860784
626860794
626860804
626860814
626860824
626860834
626860844
626860854
626860864
626860875
626860885
626860895
626860905
626860915
626860925
626860935
626860945
626860955
626860965
626860975
626860985
626860995
626861005
626861015
626861025
626861035
626861045
626861055
626861066
626861076
626861086
626861096
626861106
626861116
626861126
626861136
626861146
626861156
626861166
626861176
626861186
626861196
626861206
626861216
626861226
626861236
626861247
626861257
626861267
626861277
626861287
626861297
626861307
626861317
626861327
626861337
626861347
626861357
626861367
626861377
626861387
626861397
626861407
626861417
626861427
626861438
626861448
626861458
626861468
626861478
626861488
626861498
626861508
626861518
626861528
626861538
626861548
626861558
626861568
626861578
626861588
626861598
626861608
626861619
626861629
626861639
626861649
626861659
626861669
626861679
626861689
626861699
626861709
626861719
626861729
626861739
626861749
626861759
626861769
626861779
626861789
626861799
626861810
626861820
626861830
626861840
626861850
626861860
626861870
626861880
626861890
626861900
626861910
626861920
626861930
626861940
626861950
626861960
626861970
626861980
626861991
626862001
626862011
626862021
626862031
626862041
626862051
626862061
626862071
626862081
626862091
626862101
626862111
626862121
626862131
626862141
626862151
626862161
626862171
626862182
626862192
626862202
626862212
626862222
626862232
626862242
626862252
626862262
626862272
626862282
626862292
626862302
626862312
626862322
626862332
626862342
626862352
626862363
626862373
626862383
626862393
626862403
626862413
626862423
626862433
626862443
626862453
626862463
626862473
626862483
626862493
626862503
626862513
626862523
626862533
626862543
626862554
626862564
626862574
626862584
626862594
626862604
626862614
626862624
626862634
626862644
626862654
626862664
626862674
626862684
626862694
626862704
626862714
626862724
626862735
626862745
626862755
626862765
626862775
626862785
626862795
626862805
626862815
626862825
626862835
626862845
626862855
626862865
626862875
626862885
626862895
626862905
626862915
626862926
626862936
626862946
626862956
626862966
626862976
626862986
626862996
626863006
626863016
626863026
626863036
626863046
626863056
626863066
626863076
626863086
626863096
626863106
626863117
626863127
626863137
626863147
626863157
626863167
626863177
626863187
626863197
626863207
626863217
626863227
626863237
626863247
626863257
626863267
626863277
626863287
626863298
626863308
626863318
626863328
626863338
626863348
626863358
626863368
626863378
626863388
626863398
626863408
626863418
626863428
626863438
626863448
626863458
626863468
626863478
626863489
626863499
626863509
626863519
626863529
626863539
626863549
626863559
626863569
626863579
626863589
626863599
626863609
626863619
626863629
626863639
626863649
626863659
626863670
626863680
626863690
626863700
626863710
626863720
626863730
626863740
626863750
626863760
626863770
626863780
626863790
626863800
626863810
626863820
626863830
626863840
626863850
626863861
626863871
626863881
626863891
626863901
626863911
626863921
626863931
626863941
626863951
626863961
626863971
626863981
626863991
626864001
626864011
626864021
626864031
626864042
626864052
626864062
626864072
626864082
626864092
626864102
626864112
626864122
626864132
626864142
626864152
626864162
626864172
626864182
626864192
626864202
626864212
626864222
626864233
626864243
626864253
626864263
626864273
626864283
626864293
626864303
626864313
626864323
626864333
626864343
626864353
626864363
626864373
626864383
626864393
626864403
626864414
626864424
626864434
626864444
626864454
626864464
626864474
626864484
626864494
626864504
626864514
626864524
626864534
626864544
626864554
626864564
626864574
626864584
626864594
626864605
626864615
626864625
626864635
626864645
626864655
626864665
626864675
626864685
626864695
626864705
626864715
626864725
626864735
626864745
626864755
626864765
626864775
626864786
626864796
626864806
626864816
626864826
626864836
626864846
626864856
626864866
626864876
626864886
626864896
626864906
626864916
626864926
626864936
626864946
626864956
626864966
626864977
626864987
626864997
626865007
626865017
626865027
626865037
626865047
626865057
626865067
626865077
626865087
626865097
626865107
626865117
626865127
626865137
626865147
626865158
626865168
626865178
626865188
626865198
626865208
626865218
626865228
626865238
626865248
626865258
626865268
626865278
626865288
626865298
626865308
626865318
626865328
626865338
626865349
626865359
626865369
626865379
626865389
626865399
626865409
626865419
626865429
626865439
626865449
626865459
626865469
626865479
626865489
626865499
626865509
626865519
626865529
626865540
626865550
626865560
626865570
626865580
626865590
626865600
626865610
626865620
626865630
626865640
626865650
626865660
626865670
626865680
626865690
626865700
626865710
626865721
626865731
626865741
626865751
626865761
626865771
626865781
626865791
626865801
626865811
626865821
626865831
626865841
626865851
626865861
626865871
626865881
626865891
626865901
626865912
626865922
626865932
626865942
626865952
626865962
626865972
626865982
626865992
626866002
626866012
626866022
626866032
626866042
626866052
626866062
626866072
626866082
626866093
626866103
626866113
626866123
626866133
626866143
626866153
626866163
626866173
626866183
626866193
626866203
626866213
626866223
626866233
626866243
626866253
626866263
626866273
626866284
626866294
626866304
626866314
626866324
626866334
626866344
626866354
626866364
626866374
626866384
626866394
626866404
626866414
626866424
626866434
626866444
626866454
626866465
626866475
626866485
626866495
626866505
626866515
626866525
626866535
626866545
626866555
626866565
626866575
626866585
626866595
626866605
626866615
626866625
626866635
626866645
626866656
626866666
626866676
626866686
626866696
626866706
626866716
626866726
626866736
626866746
626866756
626866766
626866776
626866786
626866796
626866806
626866816
626866826
626866837
626866847
626866857
626866867
626866877
626866887
626866897
626866907
626866917
626866927
626866937
626866947
626866957
626866967
626866977
626866987
626866997
626867007
626867017
626867028
626867038
626867048
626867058
626867068
626867078
626867088
626867098
626867108
626867118
626867128
626867138
626867148
626867158
626867168
626867178
626867188
626867198
626867209
626867219
626867229
626867239
626867249
626867259
626867269
626867279
626867289
626867299
626867309
626867319
626867329
626867339
626867349
626867359
626867369
626867379
626867389
626867400
626867410
626867420
626867430
626867440
626867450
626867460
626867470
626867480
626867490
626867500
626867510
626867520
626867530
626867540
626867550
626867560
626867570
626867581
626867591
626867601
626867611
626867621
626867631
626867641
626867651
626867661
626867671
626867681
626867691
626867701
626867711
626867721
626867731
626867741
626867751
626867761
626867772
626867782
626867792
626867802
626867812
626867822
626867832
626867842
626867852
626867862
626867872
626867882
626867892
626867902
626867912
626867922
626867932
626867942
626867953
626867963
626867973
626867983
626867993
626868003
626868013
626868023
626868033
626868043
626868053
626868063
626868073
626868083
626868093
626868103
626868113
626868123
626868133
626868144
626868154
626868164
626868174
626868184
626868194
626868204
626868214
626868224
626868234
626868244
626868254
626868264
626868274
626868284
626868294
626868304
626868314
626868324
626868335
626868345
626868355
626868365
626868375
626868385
626868395
626868405
626868415
626868425
626868435
626868445
626868455
626868465
626868475
626868485
626868495
626868505
626868516
626868526
626868536
626868546
626868556
626868566
626868576
626868586
626868596
626868606
626868616
626868626
626868636
626868646
626868656
626868666
626868676
626868686
626868696
626868707
626868717
626868727
626868737
626868747
626868757
626868767
626868777
626868787
626868797
626868807
626868817
626868827
626868837
626868847
626868857
626868867
626868877
626868888
626868898
626868908
626868918
626868928
626868938
626868948
626868958
626868968
626868978
626868988
626868998
626869008
626869018
626869028
626869038
626869048
626869058
626869068
626869079
626869089
626869099
626869109
626869119
626869129
626869139
626869149
626869159
626869169
626869179
626869189
626869199
626869209
626869219
626869229
626869239
626869249
626869260
626869270
626869280
626869290
626869300
626869310
626869320
626869330
626869340
626869350
626869360
626869370
626869380
626869390
626869400
626869410
626869420
626869430
626869440
626869451
626869461
626869471
626869481
626869491
626869501
626869511
626869521
626869531
626869541
626869551
626869561
626869571
626869581
626869591
626869601
626869611
626869621
626869632
626869642
626869652
626869662
626869672
626869682
626869692
626869702
626869712
626869722
626869732
626869742
626869752
626869762
626869772
626869782
626869792
626869802
626869812
626869823
626869833
626869843
626869853
626869863
626869873
626869883
626869893
626869903
626869913
626869923
626869933
626869943
626869953
626869963
626869973
626869983
626869993
626870004
626870014
626870024
626870034
626870044
626870054
626870064
626870074
626870084
626870094
626870104
626870114
626870124
626870134
626870144
626870154
626870164
626870174
626870184
626870195
626870205
626870215
626870225
626870235
626870245
626870255
626870265
626870275
626870285
626870295
626870305
626870315
626870325
626870335
626870345
626870355
626870365
626870376
626870386
626870396
626870406
626870416
626870426
626870436
626870446
626870456
626870466
626870476
626870486
626870496
626870506
626870516
626870526
626870536
626870546
626870556
626870567
626870577
626870587
626870597
626870607
626870617
626870627
626870637
626870647
626870657
626870667
626870677
626870687
626870697
626870707
626870717
626870727
626870737
626870748
626870758
626870768
626870778
626870788
626870798
626870808
626870818
626870828
626870838
626870848
626870858
626870868
626870878
626870888
626870898
626870908
626870918
626870928
626870939
626870949
626870959
626870969
626870979
626870989
626870999
626871009
626871019
626871029
626871039
626871049
626871059
626871069
626871079
626871089
626871099
626871109
626871120
626871130
626871140
626871150
626871160
626871170
626871180
626871190
626871200
626871210
626871220
626871230
626871240
626871250
626871260
626871270
626871280
626871290
626871300
626871311
626871321
626871331
626871341
626871351
626871361
626871371
626871381
626871391
626871401
626871411
626871421
626871431
626871441
626871451
626871461
626871471
626871481
626871491
626871502
626871512
626871522
626871532
626871542
626871552
626871562
626871572
626871582
626871592
626871602
626871612
626871622
626871632
626871642
626871652
626871662
626871672
626871683
626871693
626871703
626871713
626871723
626871733
626871743
626871753
626871763
626871773
626871783
626871793
626871803
626871813
626871823
626871833
626871843
626871853
626871863
626871874
626871884
626871894
626871904
626871914
626871924
626871934
626871944
626871954
626871964
626871974
626871984
626871994
626872004
626872014
626872024
626872034
626872044
626872055
626872065
626872075
626872085
626872095
626872105
626872115
626872125
626872135
626872145
626872155
626872165
626872175
626872185
626872195
626872205
626872215
626872225
626872235
626872246
626872256
626872266
626872276
626872286
626872296
626872306
626872316
626872326
626872336
626872346
626872356
626872366
626872376
626872386
626872396
626872406
626872416
626872427
626872437
626872447
626872457
626872467
626872477
626872487
626872497
626872507
626872517
626872527
626872537
626872547
626872557
626872567
626872577
626872587
626872597
626872607
626872618
626872628
626872638
626872648
626872658
626872668
626872678
626872688
626872698
626872708
626872718
626872728
626872738
626872748
626872758
626872768
626872778
626872788
626872799
626872809
626872819
626872829
626872839
626872849
626872859
626872869
626872879
626872889
626872899
626872909
626872919
626872929
626872939
626872949
626872959
626872969
626872979
626872990
626873000
626873010
626873020
626873030
626873040
626873050
626873060
626873070
626873080
626873090
626873100
626873110
626873120
626873130
626873140
626873150
626873160
626873171
626873181
626873191
626873201
626873211
626873221
626873231
626873241
626873251
626873261
626873271
626873281
626873291
626873301
626873311
626873321
626873331
626873341
626873351
626873362
626873372
626873382
626873392
626873402
626873412
626873422
626873432
626873442
626873452
626873462
626873472
626873482
626873492
626873502
626873512
626873522
626873532
626873543
626873553
626873563
626873573
626873583
626873593
626873603
626873613
626873623
626873633
626873643
626873653
626873663
626873673
626873683
626873693
626873703
626873713
626873723
626873734
626873744
626873754
626873764
626873774
626873784
626873794
626873804
626873814
626873824
626873834
626873844
626873854
626873864
626873874
626873884
626873894
626873904
626873915
626873925
626873935
626873945
626873955
626873965
626873975
626873985
626873995
626874005
626874015
626874025
626874035
626874045
626874055
626874065
626874075
626874085
626874095
626874106
626874116
626874126
626874136
626874146
626874156
626874166
626874176
626874186
626874196
626874206
626874216
626874226
626874236
626874246
626874256
626874266
626874276
626874286
626874297
626874307
626874317
626874327
626874337
626874347
626874357
626874367
626874377
626874387
626874397
626874407
626874417
626874427
626874437
626874447
626874457
626874467
626874478
626874488
626874498
626874508
626874518
626874528
626874538
626874548
626874558
626874568
626874578
626874588
626874598
626874608
626874618
626874628
626874638
626874648
626874658
626874669
626874679
626874689
626874699
626874709
626874719
626874729
626874739
626874749
626874759
626874769
626874779
626874789
626874799
626874809
626874819
626874829
626874839
626874850
626874860
626874870
626874880
626874890
626874900
626874910
626874920
626874930
626874940
626874950
626874960
626874970
626874980
626874990
626875000
626875010
626875020
626875030
626875041
626875051
626875061
626875071
626875081
626875091
626875101
626875111
626875121
626875131
626875141
626875151
