Timestamp
31551373
31551383
31551393
31551403
31551413
31551423
31551433
31551443
31551453
31551463
31551473
31551483
31551493
31551503
31551513
31551523
31551533
31551543
31551553
31551563
31551573
31551583
31551593
31551603
31551613
31551623
31551633
31551643
31551653
31551663
31551673
31551683
31551692
31551702
31551712
31551722
31551732
31551742
31551752
31551762
31551772
31551782
31551792
31551802
31551812
31551822
31551832
31551842
31551852
31551862
31551872
31551882
31551892
31551902
31551912
31551922
31551932
31551942
31551952
31551962
31551972
31551982
31551992
31552002
31552012
31552022
31552032
31552042
31552051
31552061
31552071
31552081
31552091
31552101
31552111
31552121
31552131
31552141
31552151
31552161
31552171
31552181
31552191
31552201
31552211
31552221
31552231
31552241
31552251
31552261
31552271
31552281
31552291
31552301
31552311
31552321
31552331
31552341
31552351
31552361
31552371
31552381
31552391
31552401
31552410
31552420
31552430
31552440
31552450
31552460
31552470
31552480
31552490
31552500
31552510
31552520
31552530
31552540
31552550
31552560
31552570
31552580
31552590
31552600
31552610
31552620
31552630
31552640
31552650
31552660
31552670
31552680
31552690
31552700
31552710
31552720
31552730
31552740
31552750
31552760
31552769
31552779
31552789
31552799
31552809
31552819
31552829
31552839
31552849
31552859
31552869
31552879
31552889
31552899
31552909
31552919
31552929
31552939
31552949
31552959
31552969
31552979
31552989
31552999
31553009
31553019
31553029
31553039
31553049
31553059
31553069
31553079
31553089
31553099
31553109
31553119
31553128
31553138
31553148
31553158
31553168
31553178
31553188
31553198
31553208
31553218
31553228
31553238
31553248
31553258
31553268
31553278
31553288
31553298
31553308
31553318
31553328
31553338
31553348
31553358
31553368
31553378
31553388
31553398
31553408
31553418
31553428
31553438
31553448
31553458
31553468
31553478
31553487
31553497
31553507
31553517
31553527
31553537
31553547
31553557
31553567
31553577
31553587
31553597
31553607
31553617
31553627
31553637
31553647
31553657
31553667
31553677
31553687
31553697
31553707
31553717
31553727
31553737
31553747
31553757
31553767
31553777
31553787
31553797
31553807
31553817
31553827
31553837
31553846
31553856
31553866
31553876
31553886
31553896
31553906
31553916
31553926
31553936
31553946
31553956
31553966
31553976
31553986
31553996
31554006
31554016
31554026
31554036
31554046
31554056
31554066
31554076
31554086
31554096
31554106
31554116
31554126
31554136
31554146
31554156
31554166
31554176
31554186
31554196
31554205
31554215
31554225
31554235
31554245
31554255
31554265
31554275
31554285
31554295
31554305
31554315
31554325
31554335
31554345
31554355
31554365
31554375
31554385
31554395
31554405
31554415
31554425
31554435
31554445
31554455
31554465
31554475
31554485
31554495
31554505
31554515
31554525
31554535
31554545
31554555
31554564
31554574
31554584
31554594
31554604
31554614
31554624
31554634
31554644
31554654
31554664
31554674
31554684
31554694
31554704
31554714
31554724
31554734
31554744
31554754
31554764
31554774
31554784
31554794
31554804
31554814
31554824
31554834
31554844
31554854
31554864
31554874
31554884
31554894
31554904
31554914
31554923
31554933
31554943
31554953
31554963
31554973
31554983
31554993
31555003
31555013
31555023
31555033
31555043
31555053
31555063
31555073
31555083
31555093
31555103
31555113
31555123
31555133
31555143
31555153
31555163
31555173
31555183
31555193
31555203
31555213
31555223
31555233
31555243
31555253
31555263
31555272
31555282
31555292
31555302
31555312
31555322
31555332
31555342
31555352
31555362
31555372
31555382
31555392
31555402
31555412
31555422
31555432
31555442
31555452
31555462
31555472
31555482
31555492
31555502
31555512
31555522
31555532
31555542
31555552
31555562
31555572
31555582
31555592
31555602
31555612
31555622
31555631
31555641
31555651
31555661
31555671
31555681
31555691
31555701
31555711
31555721
31555731
31555741
31555751
31555761
31555771
31555781
31555791
31555801
31555811
31555821
31555831
31555841
31555851
31555861
31555871
31555881
31555891
31555901
31555911
31555921
31555931
31555941
31555951
31555961
31555971
31555981
31555990
31556000
31556010
31556020
31556030
31556040
31556050
31556060
31556070
31556080
31556090
31556100
31556110
31556120
31556130
31556140
31556150
31556160
31556170
31556180
31556190
31556200
31556210
31556220
31556230
31556240
31556250
31556260
31556270
31556280
31556290
31556300
31556310
31556320
31556330
31556340
31556349
31556359
31556369
31556379
31556389
31556399
31556409
31556419
31556429
31556439
31556449
31556459
31556469
31556479
31556489
31556499
31556509
31556519
31556529
31556539
31556549
31556559
31556569
31556579
31556589
31556599
31556609
31556619
31556629
31556639
31556649
31556659
31556669
31556679
31556689
31556699
31556708
31556718
31556728
31556738
31556748
31556758
31556768
31556778
31556788
31556798
31556808
31556818
31556828
31556838
31556848
31556858
31556868
31556878
31556888
31556898
31556908
31556918
31556928
31556938
31556948
31556958
31556968
31556978
31556988
31556998
31557008
31557018
31557028
31557038
31557048
31557058
31557067
31557077
31557087
31557097
31557107
31557117
31557127
31557137
31557147
31557157
31557167
31557177
31557187
31557197
31557207
31557217
31557227
31557237
31557247
31557257
31557267
31557277
31557287
31557297
31557307
31557317
31557327
31557337
31557347
31557357
31557367
31557377
31557387
31557397
31557407
31557417
31557426
31557436
31557446
31557456
31557466
31557476
31557486
31557496
31557506
31557516
31557526
31557536
31557546
31557556
31557566
31557576
31557586
31557596
31557606
31557616
31557626
31557636
31557646
31557656
31557666
31557676
31557686
31557696
31557706
31557716
31557726
31557736
31557746
31557756
31557766
31557776
31557785
31557795
31557805
31557815
31557825
31557835
31557845
31557855
31557865
31557875
31557885
31557895
31557905
31557915
31557925
31557935
31557945
31557955
31557965
31557975
31557985
31557995
31558005
31558015
31558025
31558035
31558045
31558055
31558065
31558075
31558085
31558095
31558105
31558115
31558125
31558135
31558144
31558154
31558164
31558174
31558184
31558194
31558204
31558214
31558224
31558234
31558244
31558254
31558264
31558274
31558284
31558294
31558304
31558314
31558324
31558334
31558344
31558354
31558364
31558374
31558384
31558394
31558404
31558414
31558424
31558434
31558444
31558454
31558464
31558474
31558484
31558494
31558503
31558513
31558523
31558533
31558543
31558553
31558563
31558573
31558583
31558593
31558603
31558613
31558623
31558633
31558643
31558653
31558663
31558673
31558683
31558693
31558703
31558713
31558723
31558733
31558743
31558753
31558763
31558773
31558783
31558793
31558803
31558813
31558823
31558833
31558843
31558853
31558862
31558872
31558882
31558892
31558902
31558912
31558922
31558932
31558942
31558952
31558962
31558972
31558982
31558992
31559002
31559012
31559022
31559032
31559042
31559052
31559062
31559072
31559082
31559092
31559102
31559112
31559122
31559132
31559142
31559152
31559162
31559172
31559182
31559192
31559202
31559212
31559221
31559231
31559241
31559251
31559261
31559271
31559281
31559291
31559301
31559311
31559321
31559331
31559341
31559351
31559361
31559371
31559381
31559391
31559401
31559411
31559421
31559431
31559441
31559451
31559461
31559471
31559481
31559491
31559501
31559511
31559521
31559531
31559541
31559551
31559561
31559570
31559580
31559590
31559600
31559610
31559620
31559630
31559640
31559650
31559660
31559670
31559680
31559690
31559700
31559710
31559720
31559730
31559740
31559750
31559760
31559770
31559780
31559790
31559800
31559810
31559820
31559830
31559840
31559850
31559860
31559870
31559880
31559890
31559900
31559910
31559920
31559929
31559939
31559949
31559959
31559969
31559979
31559989
31559999
31560009
31560019
31560029
31560039
31560049
31560059
31560069
31560079
31560089
31560099
31560109
31560119
31560129
31560139
31560149
31560159
31560169
31560179
31560189
31560199
31560209
31560219
31560229
31560239
31560249
31560259
31560269
31560279
31560288
31560298
31560308
31560318
31560328
31560338
31560348
31560358
31560368
31560378
31560388
31560398
31560408
31560418
31560428
31560438
31560448
31560458
31560468
31560478
31560488
31560498
31560508
31560518
31560528
31560538
31560548
31560558
31560568
31560578
31560588
31560598
31560608
31560618
31560628
31560638
31560647
31560657
31560667
31560677
31560687
31560697
31560707
31560717
31560727
31560737
31560747
31560757
31560767
31560777
31560787
31560797
31560807
31560817
31560827
31560837
31560847
31560857
31560867
31560877
31560887
31560897
31560907
31560917
31560927
31560937
31560947
31560957
31560967
31560977
31560987
31560997
31561006
31561016
31561026
31561036
31561046
31561056
31561066
31561076
31561086
31561096
31561106
31561116
31561126
31561136
31561146
31561156
31561166
31561176
31561186
31561196
31561206
31561216
31561226
31561236
31561246
31561256
31561266
31561276
31561286
31561296
31561306
31561316
31561326
31561336
31561346
31561356
31561365
31561375
31561385
31561395
31561405
31561415
31561425
31561435
31561445
31561455
31561465
31561475
31561485
31561495
31561505
31561515
31561525
31561535
31561545
31561555
31561565
31561575
31561585
31561595
31561605
31561615
31561625
31561635
31561645
31561655
31561665
31561675
31561685
31561695
31561705
31561715
31561724
31561734
31561744
31561754
31561764
31561774
31561784
31561794
31561804
31561814
31561824
31561834
31561844
31561854
31561864
31561874
31561884
31561894
31561904
31561914
31561924
31561934
31561944
31561954
31561964
31561974
31561984
31561994
31562004
31562014
31562024
31562034
31562044
31562054
31562064
31562074
31562083
31562093
31562103
31562113
31562123
31562133
31562143
31562153
31562163
31562173
31562183
31562193
31562203
31562213
31562223
31562233
31562243
31562253
31562263
31562273
31562283
31562293
31562303
31562313
31562323
31562333
31562343
31562353
31562363
31562373
31562383
31562393
31562403
31562413
31562423
31562433
31562442
31562452
31562462
31562472
31562482
31562492
31562502
31562512
31562522
31562532
31562542
31562552
31562562
31562572
31562582
31562592
31562602
31562612
31562622
31562632
31562642
31562652
31562662
31562672
31562682
31562692
31562702
31562712
31562722
31562732
31562742
31562752
31562762
31562772
31562782
31562792
31562801
31562811
31562821
31562831
31562841
31562851
31562861
31562871
31562881
31562891
31562901
31562911
31562921
31562931
31562941
31562951
31562961
31562971
31562981
31562991
31563001
31563011
31563021
31563031
31563041
31563051
31563061
31563071
31563081
31563091
31563101
31563111
31563121
31563131
31563141
31563151
31563160
31563170
31563180
31563190
31563200
31563210
31563220
31563230
31563240
31563250
31563260
31563270
31563280
31563290
31563300
31563310
31563320
31563330
31563340
31563350
31563360
31563370
31563380
31563390
31563400
31563410
31563420
31563430
31563440
31563450
31563460
31563470
31563480
31563490
31563500
31563509
31563519
31563529
31563539
31563549
31563559
31563569
31563579
31563589
31563599
31563609
31563619
31563629
31563639
31563649
31563659
31563669
31563679
31563689
31563699
31563709
31563719
31563729
31563739
31563749
31563759
31563769
31563779
31563789
31563799
31563809
31563819
31563829
31563839
31563849
31563859
31563868
31563878
31563888
31563898
31563908
31563918
31563928
31563938
31563948
31563958
31563968
31563978
31563988
31563998
31564008
31564018
31564028
31564038
31564048
31564058
31564068
31564078
31564088
31564098
31564108
31564118
31564128
31564138
31564148
31564158
31564168
31564178
31564188
31564198
31564208
31564218
31564227
31564237
31564247
31564257
31564267
31564277
31564287
31564297
31564307
31564317
31564327
31564337
31564347
31564357
31564367
31564377
31564387
31564397
31564407
31564417
31564427
31564437
31564447
31564457
31564467
31564477
31564487
31564497
31564507
31564517
31564527
31564537
31564547
31564557
31564567
31564577
31564586
31564596
31564606
31564616
31564626
31564636
31564646
31564656
31564666
31564676
31564686
31564696
31564706
31564716
31564726
31564736
31564746
31564756
31564766
31564776
31564786
31564796
31564806
31564816
31564826
31564836
31564846
31564856
31564866
31564876
31564886
31564896
31564906
31564916
31564926
31564936
31564945
31564955
31564965
31564975
31564985
31564995
31565005
31565015
31565025
31565035
31565045
31565055
31565065
31565075
31565085
31565095
31565105
31565115
31565125
31565135
31565145
31565155
31565165
31565175
31565185
31565195
31565205
31565215
31565225
31565235
31565245
31565255
31565265
31565275
31565285
31565295
31565304
31565314
31565324
31565334
31565344
31565354
31565364
31565374
31565384
31565394
31565404
31565414
31565424
31565434
31565444
31565454
31565464
31565474
31565484
31565494
31565504
31565514
31565524
31565534
31565544
31565554
31565564
31565574
31565584
31565594
31565604
31565614
31565624
31565634
31565644
31565654
31565663
31565673
31565683
31565693
31565703
31565713
31565723
31565733
31565743
31565753
31565763
31565773
31565783
31565793
31565803
31565813
31565823
31565833
31565843
31565853
31565863
31565873
31565883
31565893
31565903
31565913
31565923
31565933
31565943
31565953
31565963
31565973
31565983
31565993
31566003
31566013
31566022
31566032
31566042
31566052
31566062
31566072
31566082
31566092
31566102
31566112
31566122
31566132
31566142
31566152
31566162
31566172
31566182
31566192
31566202
31566212
31566222
31566232
31566242
31566252
31566262
31566272
31566282
31566292
31566302
31566312
31566322
31566332
31566342
31566352
31566362
31566372
31566381
31566391
31566401
31566411
31566421
31566431
31566441
31566451
31566461
31566471
31566481
31566491
31566501
31566511
31566521
31566531
31566541
31566551
31566561
31566571
31566581
31566591
31566601
31566611
31566621
31566631
31566641
31566651
31566661
31566671
31566681
31566691
31566701
31566711
31566721
31566731
31566740
31566750
31566760
31566770
31566780
31566790
31566800
31566810
31566820
31566830
31566840
31566850
31566860
31566870
31566880
31566890
31566900
31566910
31566920
31566930
31566940
31566950
31566960
31566970
31566980
31566990
31567000
31567010
31567020
31567030
31567040
31567050
31567060
31567070
31567080
31567090
31567099
31567109
31567119
31567129
31567139
31567149
31567159
31567169
31567179
31567189
31567199
31567209
31567219
31567229
31567239
31567249
31567259
31567269
31567279
31567289
31567299
31567309
31567319
31567329
31567339
31567349
31567359
31567369
31567379
31567389
31567399
31567409
31567419
31567429
31567439
31567449
31567458
31567468
31567478
31567488
31567498
31567508
31567518
31567528
31567538
31567548
31567558
31567568
31567578
31567588
31567598
31567608
31567618
31567628
31567638
31567648
31567658
31567668
31567678
31567688
31567698
31567708
31567718
31567728
31567738
31567748
31567758
31567768
31567778
31567788
31567798
31567808
31567817
31567827
31567837
31567847
31567857
31567867
31567877
31567887
31567897
31567907
31567917
31567927
31567937
31567947
31567957
31567967
31567977
31567987
31567997
31568007
31568017
31568027
31568037
31568047
31568057
31568067
31568077
31568087
31568097
31568107
31568117
31568127
31568137
31568147
31568157
31568167
31568176
31568186
31568196
31568206
31568216
31568226
31568236
31568246
31568256
31568266
31568276
31568286
31568296
31568306
31568316
31568326
31568336
31568346
31568356
31568366
31568376
31568386
31568396
31568406
31568416
31568426
31568436
31568446
31568456
31568466
31568476
31568486
31568496
31568506
31568516
31568526
31568535
31568545
31568555
31568565
31568575
31568585
31568595
31568605
31568615
31568625
31568635
31568645
31568655
31568665
31568675
31568685
31568695
31568705
31568715
31568725
31568735
31568745
31568755
31568765
31568775
31568785
31568795
31568805
31568815
31568825
31568835
31568845
31568855
31568865
31568875
31568885
31568894
31568904
31568914
31568924
31568934
31568944
31568954
31568964
31568974
31568984
31568994
31569004
31569014
31569024
31569034
31569044
31569054
31569064
31569074
31569084
31569094
31569104
31569114
31569124
31569134
31569144
31569154
31569164
31569174
31569184
31569194
31569204
31569214
31569224
31569234
31569244
31569253
31569263
31569273
31569283
31569293
31569303
31569313
31569323
31569333
31569343
31569353
31569363
31569373
31569383
31569393
31569403
31569413
31569423
31569433
31569443
31569453
31569463
31569473
31569483
31569493
31569503
31569513
31569523
31569533
31569543
31569553
31569563
31569573
31569583
31569593
31569603
31569612
31569622
31569632
31569642
31569652
31569662
31569672
31569682
31569692
31569702
31569712
31569722
31569732
31569742
31569752
31569762
31569772
31569782
31569792
31569802
31569812
31569822
31569832
31569842
31569852
31569862
31569872
31569882
31569892
31569902
31569912
31569922
31569932
31569942
31569952
31569962
31569971
31569981
31569991
31570001
31570011
31570021
31570031
31570041
31570051
31570061
31570071
31570081
31570091
31570101
31570111
31570121
31570131
31570141
31570151
31570161
31570171
31570181
31570191
31570201
31570211
31570221
31570231
31570241
31570251
31570261
31570271
31570281
31570291
31570301
31570311
31570321
31570330
31570340
31570350
31570360
31570370
31570380
31570390
31570400
31570410
31570420
31570430
31570440
31570450
31570460
31570470
31570480
31570490
31570500
31570510
31570520
31570530
31570540
31570550
31570560
31570570
31570580
31570590
31570600
31570610
31570620
31570630
31570640
31570650
31570660
31570670
31570680
31570689
31570699
31570709
31570719
31570729
31570739
31570749
31570759
31570769
31570779
31570789
31570799
31570809
31570819
31570829
31570839
31570849
31570859
31570869
31570879
31570889
31570899
31570909
31570919
31570929
31570939
31570949
31570959
31570969
31570979
31570989
31570999
31571009
31571019
31571029
31571039
31571048
31571058
31571068
31571078
31571088
31571098
31571108
31571118
31571128
31571138
31571148
31571158
31571168
31571178
31571188
31571198
31571208
31571218
31571228
31571238
31571248
31571258
31571268
31571278
31571288
31571298
31571308
31571318
31571328
31571338
31571348
31571358
31571368
31571378
31571388
31571398
31571407
31571417
31571427
31571437
31571447
31571457
31571467
31571477
31571487
31571497
31571507
31571517
31571527
31571537
31571547
31571557
31571567
31571577
31571587
31571597
31571607
31571617
31571627
31571637
31571647
31571657
31571667
31571677
31571687
31571697
31571707
31571717
31571727
31571737
31571747
31571757
31571766
31571776
31571786
31571796
31571806
31571816
31571826
31571836
31571846
31571856
31571866
31571876
31571886
31571896
31571906
31571916
31571926
31571936
31571946
31571956
31571966
31571976
31571986
31571996
31572006
31572016
31572026
31572036
31572046
31572056
31572066
31572076
31572086
31572096
31572106
31572116
31572125
31572135
31572145
31572155
31572165
31572175
31572185
31572195
31572205
31572215
31572225
31572235
31572245
31572255
31572265
31572275
31572285
31572295
31572305
31572315
31572325
31572335
31572345
31572355
31572365
31572375
31572385
31572395
31572405
31572415
31572425
31572435
31572445
31572455
31572465
31572475
31572484
31572494
31572504
31572514
31572524
31572534
31572544
31572554
31572564
31572574
31572584
31572594
31572604
31572614
31572624
31572634
31572644
31572654
31572664
31572674
31572684
31572694
31572704
31572714
31572724
31572734
31572744
31572754
31572764
31572774
31572784
31572794
31572804
31572814
31572824
31572834
31572843
31572853
31572863
31572873
31572883
31572893
31572903
31572913
31572923
31572933
31572943
31572953
31572963
31572973
31572983
31572993
31573003
31573013
31573023
31573033
31573043
31573053
31573063
31573073
31573083
31573093
31573103
31573113
31573123
31573133
31573143
31573153
31573163
31573173
31573183
31573193
31573202
31573212
31573222
31573232
31573242
31573252
31573262
31573272
31573282
31573292
31573302
31573312
31573322
31573332
31573342
31573352
31573362
31573372
31573382
31573392
31573402
31573412
31573422
31573432
31573442
31573452
31573462
31573472
31573482
31573492
31573502
31573512
31573522
31573532
31573542
31573552
31573561
31573571
31573581
31573591
31573601
31573611
31573621
31573631
31573641
31573651
31573661
31573671
31573681
31573691
31573701
31573711
31573721
31573731
31573741
31573751
31573761
31573771
31573781
31573791
31573801
31573811
31573821
31573831
31573841
31573851
31573861
31573871
31573881
31573891
31573901
31573911
31573920
31573930
31573940
31573950
31573960
31573970
31573980
31573990
31574000
31574010
31574020
31574030
31574040
31574050
31574060
31574070
31574080
31574090
31574100
31574110
31574120
31574130
31574140
31574150
31574160
31574170
31574180
31574190
31574200
31574210
31574220
31574230
31574240
31574250
31574260
31574270
31574279
31574289
31574299
31574309
31574319
31574329
31574339
31574349
31574359
31574369
31574379
31574389
31574399
31574409
31574419
31574429
31574439
31574449
31574459
31574469
31574479
31574489
31574499
31574509
31574519
31574529
31574539
31574549
31574559
31574569
31574579
31574589
31574599
31574609
31574619
31574629
31574638
31574648
31574658
31574668
31574678
31574688
31574698
31574708
31574718
31574728
31574738
31574748
31574758
31574768
31574778
31574788
31574798
31574808
31574818
31574828
31574838
31574848
31574858
31574868
31574878
31574888
31574898
31574908
31574918
31574928
31574938
31574948
31574958
31574968
31574978
31574988
31574998
31575007
31575017
31575027
31575037
31575047
31575057
31575067
31575077
31575087
31575097
31575107
31575117
31575127
31575137
31575147
31575157
31575167
31575177
31575187
31575197
31575207
31575217
31575227
31575237
31575247
31575257
31575267
31575277
31575287
31575297
31575307
31575317
31575327
31575337
31575347
31575357
31575366
31575376
31575386
31575396
31575406
31575416
31575426
31575436
31575446
31575456
31575466
31575476
31575486
31575496
31575506
31575516
31575526
31575536
31575546
31575556
31575566
31575576
31575586
31575596
31575606
31575616
31575626
31575636
31575646
31575656
31575666
31575676
31575686
31575696
31575706
31575716
31575725
31575735
31575745
31575755
31575765
31575775
31575785
31575795
31575805
31575815
31575825
31575835
31575845
31575855
31575865
31575875
31575885
31575895
31575905
31575915
31575925
31575935
31575945
31575955
31575965
31575975
31575985
31575995
31576005
31576015
31576025
31576035
31576045
31576055
31576065
31576075
31576084
31576094
31576104
31576114
31576124
31576134
31576144
31576154
31576164
31576174
31576184
31576194
31576204
31576214
31576224
31576234
31576244
31576254
31576264
31576274
31576284
31576294
31576304
31576314
31576324
31576334
31576344
31576354
31576364
31576374
31576384
31576394
31576404
31576414
31576424
31576434
31576443
31576453
31576463
31576473
31576483
31576493
31576503
31576513
31576523
31576533
31576543
31576553
31576563
31576573
31576583
31576593
31576603
31576613
31576623
31576633
31576643
31576653
31576663
31576673
31576683
31576693
31576703
31576713
31576723
31576733
31576743
31576753
31576763
31576773
31576783
31576793
31576802
31576812
31576822
31576832
31576842
31576852
31576862
31576872
31576882
31576892
31576902
31576912
31576922
31576932
31576942
31576952
31576962
31576972
31576982
31576992
31577002
31577012
31577022
31577032
31577042
31577052
31577062
31577072
31577082
31577092
31577102
31577112
31577122
31577132
31577142
31577152
31577161
31577171
31577181
31577191
31577201
31577211
31577221
31577231
31577241
31577251
31577261
31577271
31577281
31577291
31577301
31577311
31577321
31577331
31577341
31577351
31577361
31577371
31577381
31577391
31577401
31577411
31577421
31577431
31577441
31577451
31577461
31577471
31577481
31577491
31577501
31577511
31577520
31577530
31577540
31577550
31577560
31577570
31577580
31577590
31577600
31577610
31577620
31577630
31577640
31577650
31577660
31577670
31577680
31577690
31577700
31577710
31577720
31577730
31577740
31577750
31577760
31577770
31577780
31577790
31577800
31577810
31577820
31577830
31577840
31577850
31577860
31577870
31577879
31577889
31577899
31577909
31577919
31577929
31577939
31577949
31577959
31577969
31577979
31577989
31577999
31578009
31578019
31578029
31578039
31578049
31578059
31578069
31578079
31578089
31578099
31578109
31578119
31578129
31578139
31578149
31578159
31578169
31578179
31578189
31578199
31578209
31578219
31578229
31578238
31578248
31578258
31578268
31578278
31578288
31578298
31578308
31578318
31578328
31578338
31578348
31578358
31578368
31578378
31578388
31578398
31578408
31578418
31578428
31578438
31578448
31578458
31578468
31578478
31578488
31578498
31578508
31578518
31578528
31578538
31578548
31578558
31578568
31578578
31578588
31578597
31578607
31578617
31578627
31578637
31578647
31578657
31578667
31578677
31578687
31578697
31578707
31578717
31578727
31578737
31578747
31578757
31578767
31578777
31578787
31578797
31578807
31578817
31578827
31578837
31578847
31578857
31578867
31578877
31578887
31578897
31578907
31578917
31578927
31578937
31578947
31578956
31578966
31578976
31578986
31578996
31579006
31579016
31579026
31579036
31579046
31579056
31579066
31579076
31579086
31579096
31579106
31579116
31579126
31579136
31579146
31579156
31579166
31579176
31579186
31579196
31579206
31579216
31579226
31579236
31579246
31579256
31579266
31579276
31579286
31579296
31579306
31579316
31579325
31579335
31579345
31579355
31579365
31579375
31579385
31579395
31579405
31579415
31579425
31579435
31579445
31579455
31579465
31579475
31579485
31579495
31579505
31579515
31579525
31579535
31579545
31579555
31579565
31579575
31579585
31579595
31579605
31579615
31579625
31579635
31579645
31579655
31579665
31579675
31579684
31579694
31579704
31579714
31579724
31579734
31579744
31579754
31579764
31579774
31579784
31579794
31579804
31579814
31579824
31579834
31579844
31579854
31579864
31579874
31579884
31579894
31579904
31579914
31579924
31579934
31579944
31579954
31579964
31579974
31579984
31579994
31580004
31580014
31580024
31580034
31580043
31580053
31580063
31580073
31580083
31580093
31580103
31580113
31580123
31580133
31580143
31580153
31580163
31580173
31580183
31580193
31580203
31580213
31580223
31580233
31580243
31580253
31580263
31580273
31580283
31580293
31580303
31580313
31580323
31580333
31580343
31580353
31580363
31580373
31580383
31580393
31580402
31580412
31580422
31580432
31580442
31580452
31580462
31580472
31580482
31580492
31580502
31580512
31580522
31580532
31580542
31580552
31580562
31580572
31580582
31580592
31580602
31580612
31580622
31580632
31580642
31580652
31580662
31580672
31580682
31580692
31580702
31580712
31580722
31580732
31580742
31580752
31580761
31580771
31580781
31580791
31580801
31580811
31580821
31580831
31580841
31580851
31580861
31580871
31580881
31580891
31580901
31580911
31580921
31580931
31580941
31580951
31580961
31580971
31580981
31580991
31581001
31581011
31581021
31581031
31581041
31581051
31581061
31581071
31581081
31581091
31581101
31581111
31581120
31581130
31581140
31581150
31581160
31581170
31581180
31581190
31581200
31581210
31581220
31581230
31581240
31581250
31581260
31581270
31581280
31581290
31581300
31581310
31581320
31581330
31581340
31581350
31581360
31581370
31581380
31581390
31581400
31581410
31581420
31581430
31581440
31581450
31581460
31581470
31581479
31581489
31581499
31581509
31581519
31581529
31581539
31581549
31581559
31581569
31581579
31581589
31581599
31581609
31581619
31581629
31581639
31581649
31581659
31581669
31581679
31581689
31581699
31581709
31581719
31581729
31581739
31581749
31581759
31581769
31581779
31581789
31581799
31581809
31581819
31581829
31581838
31581848
31581858
31581868
31581878
31581888
31581898
31581908
31581918
31581928
31581938
31581948
31581958
31581968
31581978
31581988
31581998
31582008
31582018
31582028
31582038
31582048
31582058
31582068
31582078
31582088
31582098
31582108
31582118
31582128
31582138
31582148
31582158
31582168
31582178
31582188
31582198
31582207
31582217
31582227
31582237
31582247
31582257
31582267
31582277
31582287
31582297
31582307
31582317
31582327
31582337
31582347
31582357
31582367
31582377
31582387
31582397
31582407
31582417
31582427
31582437
31582447
31582457
31582467
31582477
31582487
31582497
31582507
31582517
31582527
31582537
31582547
31582557
31582566
31582576
31582586
31582596
31582606
31582616
31582626
31582636
31582646
31582656
31582666
31582676
31582686
31582696
31582706
31582716
31582726
31582736
31582746
31582756
31582766
31582776
31582786
31582796
31582806
31582816
31582826
31582836
31582846
31582856
31582866
31582876
31582886
31582896
31582906
31582916
31582925
31582935
31582945
31582955
31582965
31582975
31582985
31582995
31583005
31583015
31583025
31583035
31583045
31583055
31583065
31583075
31583085
31583095
31583105
31583115
31583125
31583135
31583145
31583155
31583165
31583175
31583185
31583195
31583205
31583215
31583225
31583235
31583245
31583255
31583265
31583275
31583284
31583294
31583304
31583314
31583324
31583334
31583344
31583354
31583364
31583374
31583384
31583394
31583404
31583414
31583424
31583434
31583444
31583454
31583464
31583474
31583484
31583494
31583504
31583514
31583524
31583534
31583544
31583554
31583564
31583574
31583584
31583594
31583604
31583614
31583624
31583634
31583643
31583653
31583663
31583673
31583683
31583693
31583703
31583713
31583723
31583733
31583743
31583753
31583763
31583773
31583783
31583793
31583803
31583813
31583823
31583833
31583843
31583853
31583863
31583873
31583883
31583893
31583903
31583913
31583923
31583933
31583943
31583953
31583963
31583973
31583983
31583993
31584002
31584012
31584022
31584032
31584042
31584052
31584062
31584072
31584082
31584092
31584102
31584112
31584122
31584132
31584142
31584152
31584162
31584172
31584182
31584192
31584202
31584212
31584222
31584232
31584242
31584252
31584262
31584272
31584282
31584292
31584302
31584312
31584322
31584332
31584342
31584352
31584362
31584371
31584381
31584391
31584401
31584411
31584421
31584431
31584441
31584451
31584461
31584471
31584481
31584491
31584501
31584511
31584521
31584531
31584541
31584551
31584561
31584571
31584581
31584591
31584601
31584611
31584621
31584631
31584641
31584651
31584661
31584671
31584681
31584691
31584701
31584711
31584721
31584730
31584740
31584750
31584760
31584770
31584780
31584790
31584800
31584810
31584820
31584830
31584840
31584850
31584860
31584870
31584880
31584890
31584900
31584910
31584920
31584930
31584940
31584950
31584960
31584970
31584980
31584990
31585000
31585010
31585020
31585030
31585040
31585050
31585060
31585070
31585080
31585089
31585099
31585109
31585119
31585129
31585139
31585149
31585159
31585169
31585179
31585189
31585199
31585209
31585219
31585229
31585239
31585249
31585259
31585269
31585279
31585289
31585299
31585309
31585319
31585329
31585339
31585349
31585359
31585369
31585379
31585389
31585399
31585409
31585419
31585429
31585439
31585448
31585458
31585468
31585478
31585488
31585498
31585508
31585518
31585528
31585538
31585548
31585558
31585568
31585578
31585588
31585598
31585608
31585618
31585628
31585638
31585648
31585658
31585668
31585678
31585688
31585698
31585708
31585718
31585728
31585738
31585748
31585758
31585768
31585778
31585788
31585798
31585808
31585817
31585827
31585837
31585847
31585857
31585867
31585877
31585887
31585897
31585907
31585917
31585927
31585937
31585947
31585957
31585967
31585977
31585987
31585997
31586007
31586017
31586027
31586037
31586047
31586057
31586067
31586077
31586087
31586097
31586107
31586117
31586127
31586137
31586147
31586157
31586167
31586176
31586186
31586196
31586206
31586216
31586226
31586236
31586246
31586256
31586266
31586276
31586286
31586296
31586306
31586316
31586326
31586336
31586346
31586356
31586366
31586376
31586386
31586396
31586406
31586416
31586426
31586436
31586446
31586456
31586466
31586476
31586486
31586496
31586506
31586516
31586526
31586535
31586545
31586555
31586565
31586575
31586585
31586595
31586605
31586615
31586625
31586635
31586645
31586655
31586665
31586675
31586685
31586695
31586705
31586715
31586725
31586735
31586745
31586755
31586765
31586775
31586785
31586795
31586805
31586815
31586825
31586835
31586845
31586855
31586865
31586875
31586885
31586894
31586904
31586914
31586924
31586934
31586944
31586954
31586964
31586974
31586984
31586994
31587004
31587014
31587024
31587034
31587044
31587054
31587064
31587074
31587084
31587094
31587104
31587114
31587124
31587134
31587144
31587154
31587164
31587174
31587184
31587194
31587204
31587214
31587224
31587234
31587244
31587253
31587263
31587273
31587283
31587293
31587303
31587313
31587323
31587333
31587343
31587353
31587363
31587373
31587383
31587393
31587403
31587413
31587423
31587433
31587443
31587453
31587463
31587473
31587483
31587493
31587503
31587513
31587523
31587533
31587543
31587553
31587563
31587573
31587583
31587593
31587603
31587613
31587622
31587632
31587642
31587652
31587662
31587672
31587682
31587692
31587702
31587712
31587722
31587732
31587742
31587752
31587762
31587772
31587782
31587792
31587802
31587812
31587822
31587832
31587842
31587852
31587862
31587872
31587882
31587892
31587902
31587912
31587922
31587932
31587942
31587952
31587962
31587972
31587981
31587991
31588001
31588011
31588021
31588031
31588041
31588051
31588061
31588071
31588081
31588091
31588101
31588111
31588121
31588131
31588141
31588151
31588161
31588171
31588181
31588191
31588201
31588211
31588221
31588231
31588241
31588251
31588261
31588271
31588281
31588291
31588301
31588311
31588321
31588331
31588340
31588350
31588360
31588370
31588380
31588390
31588400
31588410
31588420
31588430
31588440
31588450
31588460
31588470
31588480
31588490
31588500
31588510
31588520
31588530
31588540
31588550
31588560
31588570
31588580
31588590
31588600
31588610
31588620
31588630
31588640
31588650
31588660
31588670
31588680
31588690
31588699
31588709
31588719
31588729
31588739
31588749
31588759
31588769
31588779
31588789
31588799
31588809
31588819
31588829
31588839
31588849
31588859
31588869
31588879
31588889
31588899
31588909
31588919
31588929
31588939
31588949
31588959
31588969
31588979
31588989
31588999
31589009
31589019
31589029
31589039
31589049
31589059
31589068
31589078
31589088
31589098
31589108
31589118
31589128
31589138
31589148
31589158
31589168
31589178
31589188
31589198
31589208
31589218
31589228
31589238
31589248
31589258
31589268
31589278
31589288
31589298
31589308
31589318
31589328
31589338
31589348
31589358
31589368
31589378
31589388
31589398
31589408
31589418
31589427
31589437
31589447
31589457
31589467
31589477
31589487
31589497
31589507
31589517
31589527
31589537
31589547
31589557
31589567
31589577
31589587
31589597
31589607
31589617
31589627
31589637
31589647
31589657
31589667
31589677
31589687
31589697
31589707
31589717
31589727
31589737
31589747
31589757
31589767
31589777
31589786
31589796
31589806
31589816
31589826
31589836
31589846
31589856
31589866
31589876
31589886
31589896
31589906
31589916
31589926
31589936
31589946
31589956
31589966
31589976
31589986
31589996
31590006
31590016
31590026
31590036
31590046
31590056
31590066
31590076
31590086
31590096
31590106
31590116
31590126
31590136
31590145
31590155
31590165
31590175
31590185
31590195
31590205
31590215
31590225
31590235
31590245
31590255
31590265
31590275
31590285
31590295
31590305
31590315
31590325
31590335
31590345
31590355
31590365
31590375
31590385
31590395
31590405
31590415
31590425
31590435
31590445
31590455
31590465
31590475
31590485
31590495
31590505
31590514
31590524
31590534
31590544
31590554
31590564
31590574
31590584
31590594
31590604
31590614
31590624
31590634
31590644
31590654
31590664
31590674
31590684
31590694
31590704
31590714
31590724
31590734
31590744
31590754
31590764
31590774
31590784
31590794
31590804
31590814
31590824
31590834
31590844
31590854
31590864
31590873
31590883
31590893
31590903
31590913
31590923
31590933
31590943
31590953
31590963
31590973
31590983
31590993
31591003
31591013
31591023
31591033
31591043
31591053
31591063
31591073
31591083
31591093
31591103
31591113
31591123
31591133
31591143
31591153
31591163
31591173
31591183
31591193
31591203
31591213
31591223
31591232
31591242
31591252
31591262
31591272
31591282
31591292
31591302
31591312
31591322
31591332
31591342
31591352
31591362
31591372
31591382
31591392
31591402
31591412
31591422
31591432
31591442
31591452
31591462
31591472
31591482
31591492
31591502
31591512
31591522
31591532
31591542
31591552
31591562
31591572
31591582
31591592
31591601
31591611
31591621
31591631
31591641
31591651
31591661
31591671
31591681
31591691
31591701
31591711
31591721
31591731
31591741
31591751
31591761
31591771
31591781
31591791
31591801
31591811
31591821
31591831
31591841
31591851
31591861
31591871
31591881
31591891
31591901
31591911
31591921
31591931
31591941
31591951
31591960
31591970
31591980
31591990
31592000
31592010
31592020
31592030
31592040
31592050
31592060
31592070
31592080
31592090
31592100
31592110
31592120
31592130
31592140
31592150
31592160
31592170
31592180
31592190
31592200
31592210
31592220
31592230
31592240
31592250
31592260
31592270
31592280
31592290
31592300
31592310
31592319
31592329
31592339
31592349
31592359
31592369
31592379
31592389
31592399
31592409
31592419
31592429
31592439
31592449
31592459
31592469
31592479
31592489
31592499
31592509
31592519
31592529
31592539
31592549
31592559
31592569
31592579
31592589
31592599
31592609
31592619
31592629
31592639
31592649
31592659
31592669
31592678
31592688
31592698
31592708
31592718
31592728
31592738
31592748
31592758
31592768
31592778
31592788
31592798
31592808
31592818
31592828
31592838
31592848
31592858
31592868
31592878
31592888
31592898
31592908
31592918
31592928
31592938
31592948
31592958
31592968
31592978
31592988
31592998
31593008
31593018
31593028
31593038
31593047
31593057
31593067
31593077
31593087
31593097
31593107
31593117
31593127
31593137
31593147
31593157
31593167
31593177
31593187
31593197
31593207
31593217
31593227
31593237
31593247
31593257
31593267
31593277
31593287
31593297
31593307
31593317
31593327
31593337
31593347
31593357
31593367
31593377
31593387
31593397
31593406
31593416
31593426
31593436
31593446
31593456
31593466
31593476
31593486
31593496
31593506
31593516
31593526
31593536
31593546
31593556
31593566
31593576
31593586
31593596
31593606
31593616
31593626
31593636
31593646
31593656
31593666
31593676
31593686
31593696
31593706
31593716
31593726
31593736
31593746
31593756
31593765
31593775
31593785
31593795
31593805
31593815
31593825
31593835
31593845
31593855
31593865
31593875
31593885
31593895
31593905
31593915
31593925
31593935
31593945
31593955
31593965
31593975
31593985
31593995
31594005
31594015
31594025
31594035
31594045
31594055
31594065
31594075
31594085
31594095
31594105
31594115
31594125
31594134
31594144
31594154
31594164
31594174
31594184
31594194
31594204
31594214
31594224
31594234
31594244
31594254
31594264
31594274
31594284
31594294
31594304
31594314
31594324
31594334
31594344
31594354
31594364
31594374
31594384
31594394
31594404
31594414
31594424
31594434
31594444
31594454
31594464
31594474
31594484
31594493
31594503
31594513
31594523
31594533
31594543
31594553
31594563
31594573
31594583
31594593
31594603
31594613
31594623
31594633
31594643
31594653
31594663
31594673
31594683
31594693
31594703
31594713
31594723
31594733
31594743
31594753
31594763
31594773
31594783
31594793
31594803
31594813
31594823
31594833
31594843
31594852
31594862
31594872
31594882
31594892
31594902
31594912
31594922
31594932
31594942
31594952
31594962
31594972
31594982
31594992
31595002
31595012
31595022
31595032
31595042
31595052
31595062
31595072
31595082
31595092
31595102
31595112
31595122
31595132
31595142
31595152
31595162
31595172
31595182
31595192
31595202
31595212
31595221
31595231
31595241
31595251
31595261
31595271
31595281
31595291
31595301
31595311
31595321
31595331
31595341
31595351
31595361
31595371
31595381
31595391
31595401
31595411
31595421
31595431
31595441
31595451
31595461
31595471
31595481
31595491
31595501
31595511
31595521
31595531
31595541
31595551
31595561
31595571
31595580
31595590
31595600
31595610
31595620
31595630
31595640
31595650
31595660
31595670
31595680
31595690
31595700
31595710
31595720
31595730
31595740
31595750
31595760
31595770
31595780
31595790
31595800
31595810
31595820
31595830
31595840
31595850
31595860
31595870
31595880
31595890
31595900
31595910
31595920
31595930
31595939
31595949
31595959
31595969
31595979
31595989
31595999
31596009
31596019
31596029
31596039
31596049
31596059
31596069
31596079
31596089
31596099
31596109
31596119
31596129
31596139
31596149
31596159
31596169
31596179
31596189
31596199
31596209
31596219
31596229
31596239
31596249
31596259
31596269
31596279
31596289
31596299
31596308
31596318
31596328
31596338
31596348
31596358
31596368
31596378
31596388
31596398
31596408
31596418
31596428
31596438
31596448
31596458
31596468
31596478
31596488
31596498
31596508
31596518
31596528
31596538
31596548
31596558
31596568
31596578
31596588
31596598
31596608
31596618
31596628
31596638
31596648
31596658
31596667
31596677
31596687
31596697
31596707
31596717
31596727
31596737
31596747
31596757
31596767
31596777
31596787
31596797
31596807
31596817
31596827
31596837
31596847
31596857
31596867
31596877
31596887
31596897
31596907
31596917
31596927
31596937
31596947
31596957
31596967
31596977
31596987
31596997
31597007
31597017
31597026
31597036
31597046
31597056
31597066
31597076
31597086
31597096
31597106
31597116
31597126
31597136
31597146
31597156
31597166
31597176
31597186
31597196
31597206
31597216
31597226
31597236
31597246
31597256
31597266
31597276
31597286
31597296
31597306
31597316
31597326
31597336
31597346
31597356
31597366
31597376
31597386
31597395
31597405
31597415
31597425
31597435
31597445
31597455
31597465
31597475
31597485
31597495
31597505
31597515
31597525
31597535
31597545
31597555
31597565
31597575
31597585
31597595
31597605
31597615
31597625
31597635
31597645
31597655
31597665
31597675
31597685
31597695
31597705
31597715
31597725
31597735
31597745
31597754
31597764
31597774
31597784
31597794
31597804
31597814
31597824
31597834
31597844
31597854
31597864
31597874
31597884
31597894
31597904
31597914
31597924
31597934
31597944
31597954
31597964
31597974
31597984
31597994
31598004
31598014
31598024
31598034
31598044
31598054
31598064
31598074
31598084
31598094
31598104
31598114
31598123
31598133
31598143
31598153
31598163
31598173
31598183
31598193
31598203
31598213
31598223
31598233
31598243
31598253
31598263
31598273
31598283
31598293
31598303
31598313
31598323
31598333
31598343
31598353
31598363
31598373
31598383
31598393
31598403
31598413
31598423
31598433
31598443
31598453
31598463
31598473
31598482
31598492
31598502
31598512
31598522
31598532
31598542
31598552
31598562
31598572
31598582
31598592
31598602
31598612
31598622
31598632
31598642
31598652
31598662
31598672
31598682
31598692
31598702
31598712
31598722
31598732
31598742
31598752
31598762
31598772
31598782
31598792
31598802
31598812
31598822
31598832
31598841
31598851
31598861
31598871
31598881
31598891
31598901
31598911
31598921
31598931
31598941
31598951
31598961
31598971
31598981
31598991
31599001
31599011
31599021
31599031
31599041
31599051
31599061
31599071
31599081
31599091
31599101
31599111
31599121
31599131
31599141
31599151
31599161
31599171
31599181
31599191
31599201
31599210
31599220
31599230
31599240
31599250
31599260
31599270
31599280
31599290
31599300
31599310
31599320
31599330
31599340
31599350
31599360
31599370
31599380
31599390
31599400
31599410
31599420
31599430
31599440
31599450
31599460
31599470
31599480
31599490
31599500
31599510
31599520
31599530
31599540
31599550
31599560
31599569
31599579
31599589
31599599
31599609
31599619
31599629
31599639
31599649
31599659
31599669
31599679
31599689
31599699
31599709
31599719
31599729
31599739
31599749
31599759
31599769
31599779
31599789
31599799
31599809
31599819
31599829
31599839
31599849
31599859
31599869
31599879
31599889
31599899
31599909
31599919
31599929
31599938
31599948
31599958
31599968
31599978
31599988
31599998
31600008
31600018
31600028
31600038
31600048
31600058
31600068
31600078
31600088
31600098
31600108
31600118
31600128
31600138
31600148
31600158
31600168
31600178
31600188
31600198
31600208
31600218
31600228
31600238
31600248
31600258
31600268
31600278
31600288
31600297
31600307
31600317
31600327
31600337
31600347
31600357
31600367
31600377
31600387
31600397
31600407
31600417
31600427
31600437
31600447
31600457
31600467
31600477
31600487
31600497
31600507
31600517
31600527
31600537
31600547
31600557
31600567
31600577
31600587
31600597
31600607
31600617
31600627
31600637
31600647
31600656
31600666
31600676
31600686
31600696
31600706
31600716
31600726
31600736
31600746
31600756
31600766
31600776
31600786
31600796
31600806
31600816
31600826
31600836
31600846
31600856
31600866
31600876
31600886
31600896
31600906
31600916
31600926
31600936
31600946
31600956
31600966
31600976
31600986
31600996
31601006
31601016
31601025
31601035
31601045
31601055
31601065
31601075
31601085
31601095
31601105
31601115
31601125
31601135
31601145
31601155
31601165
31601175
31601185
31601195
31601205
31601215
31601225
31601235
31601245
31601255
31601265
31601275
31601285
31601295
31601305
31601315
31601325
31601335
31601345
31601355
31601365
31601375
31601384
31601394
31601404
31601414
31601424
31601434
31601444
31601454
31601464
31601474
31601484
31601494
31601504
31601514
31601524
31601534
31601544
31601554
31601564
31601574
31601584
31601594
31601604
31601614
31601624
31601634
31601644
31601654
31601664
31601674
31601684
31601694
31601704
31601714
31601724
31601734
31601744
31601753
31601763
31601773
31601783
31601793
31601803
31601813
31601823
31601833
31601843
31601853
31601863
31601873
31601883
31601893
31601903
31601913
31601923
31601933
31601943
31601953
31601963
31601973
31601983
31601993
31602003
31602013
31602023
31602033
31602043
31602053
31602063
31602073
31602083
31602093
31602103
31602112
31602122
31602132
31602142
31602152
31602162
31602172
31602182
31602192
31602202
31602212
31602222
31602232
31602242
31602252
31602262
31602272
31602282
31602292
31602302
31602312
31602322
31602332
31602342
31602352
31602362
31602372
31602382
31602392
31602402
31602412
31602422
31602432
31602442
31602452
31602462
31602472
31602481
31602491
31602501
31602511
31602521
31602531
31602541
31602551
31602561
31602571
31602581
31602591
31602601
31602611
31602621
31602631
31602641
31602651
31602661
31602671
31602681
31602691
31602701
31602711
31602721
31602731
31602741
31602751
31602761
31602771
31602781
31602791
31602801
31602811
31602821
31602831
31602840
31602850
31602860
31602870
31602880
31602890
31602900
31602910
31602920
31602930
31602940
31602950
31602960
31602970
31602980
31602990
31603000
31603010
31603020
31603030
31603040
31603050
31603060
31603070
31603080
31603090
31603100
31603110
31603120
31603130
31603140
31603150
31603160
31603170
31603180
31603190
31603199
31603209
31603219
31603229
31603239
31603249
31603259
31603269
31603279
31603289
31603299
31603309
31603319
31603329
31603339
31603349
31603359
31603369
31603379
31603389
31603399
31603409
31603419
31603429
31603439
31603449
31603459
31603469
31603479
31603489
31603499
31603509
31603519
31603529
31603539
31603549
31603559
31603568
31603578
31603588
31603598
31603608
31603618
31603628
31603638
31603648
31603658
31603668
31603678
31603688
31603698
31603708
31603718
31603728
31603738
31603748
31603758
31603768
31603778
31603788
31603798
31603808
31603818
31603828
31603838
31603848
31603858
31603868
31603878
31603888
31603898
31603908
31603918
31603927
31603937
31603947
31603957
31603967
31603977
31603987
31603997
31604007
31604017
31604027
31604037
31604047
31604057
31604067
31604077
31604087
31604097
31604107
31604117
31604127
31604137
31604147
31604157
31604167
31604177
31604187
31604197
31604207
31604217
31604227
31604237
31604247
31604257
31604267
31604277
31604287
31604296
31604306
31604316
31604326
31604336
31604346
31604356
31604366
31604376
31604386
31604396
31604406
31604416
31604426
31604436
31604446
31604456
31604466
31604476
31604486
31604496
31604506
31604516
31604526
31604536
31604546
31604556
31604566
31604576
31604586
31604596
31604606
31604616
31604626
31604636
31604646
31604655
31604665
31604675
31604685
31604695
31604705
31604715
31604725
31604735
31604745
31604755
31604765
31604775
31604785
31604795
31604805
31604815
31604825
31604835
31604845
31604855
31604865
31604875
31604885
31604895
31604905
31604915
31604925
31604935
31604945
31604955
31604965
31604975
31604985
31604995
31605005
31605015
31605024
31605034
31605044
31605054
31605064
31605074
31605084
31605094
31605104
31605114
31605124
31605134
31605144
31605154
31605164
31605174
31605184
31605194
31605204
31605214
31605224
31605234
31605244
31605254
31605264
31605274
31605284
31605294
31605304
31605314
31605324
31605334
31605344
31605354
31605364
31605374
31605383
31605393
31605403
31605413
31605423
31605433
31605443
31605453
31605463
31605473
31605483
31605493
31605503
31605513
31605523
31605533
31605543
31605553
31605563
31605573
31605583
31605593
31605603
31605613
31605623
31605633
31605643
31605653
31605663
31605673
31605683
31605693
31605703
31605713
31605723
31605733
31605742
31605752
31605762
31605772
31605782
31605792
31605802
31605812
31605822
31605832
31605842
31605852
31605862
31605872
31605882
31605892
31605902
31605912
31605922
31605932
31605942
31605952
31605962
31605972
31605982
31605992
31606002
31606012
31606022
31606032
31606042
31606052
31606062
31606072
31606082
31606092
31606102
31606111
31606121
31606131
31606141
31606151
31606161
31606171
31606181
31606191
31606201
31606211
31606221
31606231
31606241
31606251
31606261
31606271
31606281
31606291
31606301
31606311
31606321
31606331
31606341
31606351
31606361
31606371
31606381
31606391
31606401
31606411
31606421
31606431
31606441
31606451
31606461
31606470
31606480
31606490
31606500
31606510
31606520
31606530
31606540
31606550
31606560
31606570
31606580
31606590
31606600
31606610
31606620
31606630
31606640
31606650
31606660
31606670
31606680
31606690
31606700
31606710
31606720
31606730
31606740
31606750
31606760
31606770
31606780
31606790
31606800
31606810
31606820
31606830
31606839
31606849
31606859
31606869
31606879
31606889
31606899
31606909
31606919
31606929
31606939
31606949
31606959
31606969
31606979
31606989
31606999
31607009
31607019
31607029
31607039
31607049
31607059
31607069
31607079
31607089
31607099
31607109
31607119
31607129
31607139
31607149
31607159
31607169
31607179
31607189
31607198
31607208
31607218
31607228
31607238
31607248
31607258
31607268
31607278
31607288
31607298
31607308
31607318
31607328
31607338
31607348
31607358
31607368
31607378
31607388
31607398
31607408
31607418
31607428
31607438
31607448
31607458
31607468
31607478
31607488
31607498
31607508
31607518
31607528
31607538
31607548
31607558
31607567
31607577
31607587
31607597
31607607
31607617
31607627
31607637
31607647
31607657
31607667
31607677
31607687
31607697
31607707
31607717
31607727
31607737
31607747
31607757
31607767
31607777
31607787
31607797
31607807
31607817
31607827
31607837
31607847
31607857
31607867
31607877
31607887
31607897
31607907
31607917
31607926
31607936
31607946
31607956
31607966
31607976
31607986
31607996
31608006
31608016
31608026
31608036
31608046
31608056
31608066
31608076
31608086
31608096
31608106
31608116
31608126
31608136
31608146
31608156
31608166
31608176
31608186
31608196
31608206
31608216
31608226
31608236
31608246
31608256
31608266
31608276
31608286
31608295
31608305
31608315
31608325
31608335
31608345
31608355
31608365
31608375
31608385
31608395
31608405
31608415
31608425
31608435
31608445
31608455
31608465
31608475
31608485
31608495
31608505
31608515
31608525
31608535
31608545
31608555
31608565
31608575
31608585
31608595
31608605
31608615
31608625
31608635
31608645
31608654
31608664
31608674
31608684
31608694
31608704
31608714
31608724
31608734
31608744
31608754
31608764
31608774
31608784
31608794
31608804
31608814
31608824
31608834
31608844
31608854
31608864
31608874
31608884
31608894
31608904
31608914
31608924
31608934
31608944
31608954
31608964
31608974
31608984
31608994
31609004
31609014
31609023
31609033
31609043
31609053
31609063
31609073
31609083
31609093
31609103
31609113
31609123
31609133
31609143
31609153
31609163
31609173
31609183
31609193
31609203
31609213
31609223
31609233
31609243
31609253
31609263
31609273
31609283
31609293
31609303
31609313
31609323
31609333
31609343
31609353
31609363
31609373
31609382
31609392
31609402
31609412
31609422
31609432
31609442
31609452
31609462
31609472
31609482
31609492
31609502
31609512
31609522
31609532
31609542
31609552
31609562
31609572
31609582
31609592
31609602
31609612
31609622
31609632
31609642
31609652
31609662
31609672
31609682
31609692
31609702
31609712
31609722
31609732
31609741
31609751
31609761
31609771
31609781
31609791
31609801
31609811
31609821
31609831
31609841
31609851
31609861
31609871
31609881
31609891
31609901
31609911
31609921
31609931
31609941
31609951
31609961
31609971
31609981
31609991
31610001
31610011
31610021
31610031
31610041
31610051
31610061
31610071
31610081
31610091
31610101
31610110
31610120
31610130
31610140
31610150
31610160
31610170
31610180
31610190
31610200
31610210
31610220
31610230
31610240
31610250
31610260
31610270
31610280
31610290
31610300
31610310
31610320
31610330
31610340
31610350
31610360
31610370
31610380
31610390
31610400
31610410
31610420
31610430
31610440
31610450
31610460
31610469
31610479
31610489
31610499
31610509
31610519
31610529
31610539
31610549
31610559
31610569
31610579
31610589
31610599
31610609
31610619
31610629
31610639
31610649
31610659
31610669
31610679
31610689
31610699
31610709
31610719
31610729
31610739
31610749
31610759
31610769
31610779
31610789
31610799
31610809
31610819
31610829
31610838
31610848
31610858
31610868
31610878
31610888
31610898
31610908
31610918
31610928
31610938
31610948
31610958
31610968
31610978
31610988
31610998
31611008
31611018
31611028
31611038
31611048
31611058
31611068
31611078
31611088
31611098
31611108
31611118
31611128
31611138
31611148
31611158
31611168
31611178
31611188
31611197
31611207
31611217
31611227
31611237
31611247
31611257
31611267
31611277
31611287
31611297
31611307
31611317
31611327
31611337
31611347
31611357
31611367
31611377
31611387
31611397
31611407
31611417
31611427
31611437
31611447
31611457
31611467
31611477
31611487
31611497
31611507
31611517
31611527
31611537
31611547
31611557
31611566
31611576
31611586
31611596
31611606
31611616
31611626
31611636
31611646
31611656
31611666
31611676
31611686
31611696
31611706
31611716
31611726
31611736
31611746
31611756
31611766
31611776
31611786
31611796
31611806
31611816
31611826
31611836
31611846
31611856
31611866
31611876
31611886
31611896
31611906
31611916
31611925
31611935
31611945
31611955
31611965
31611975
31611985
31611995
31612005
31612015
31612025
31612035
31612045
31612055
31612065
31612075
31612085
31612095
31612105
31612115
31612125
31612135
31612145
31612155
31612165
31612175
31612185
31612195
31612205
31612215
31612225
31612235
31612245
31612255
31612265
31612275
31612285
31612294
31612304
31612314
31612324
31612334
31612344
31612354
31612364
31612374
31612384
31612394
31612404
31612414
31612424
31612434
31612444
31612454
31612464
31612474
31612484
31612494
31612504
31612514
31612524
31612534
31612544
31612554
31612564
31612574
31612584
31612594
31612604
31612614
31612624
31612634
31612644
31612653
31612663
31612673
31612683
31612693
31612703
31612713
31612723
31612733
31612743
31612753
31612763
31612773
31612783
31612793
31612803
31612813
31612823
31612833
31612843
31612853
31612863
31612873
31612883
31612893
31612903
31612913
31612923
31612933
31612943
31612953
31612963
31612973
31612983
31612993
31613003
31613013
31613022
31613032
31613042
31613052
31613062
31613072
31613082
31613092
31613102
31613112
31613122
31613132
31613142
31613152
31613162
31613172
31613182
31613192
31613202
31613212
31613222
31613232
31613242
31613252
31613262
31613272
31613282
31613292
31613302
31613312
31613322
31613332
31613342
31613352
31613362
31613372
31613381
31613391
31613401
31613411
31613421
31613431
31613441
31613451
31613461
31613471
31613481
31613491
31613501
31613511
31613521
31613531
31613541
31613551
31613561
31613571
31613581
31613591
31613601
31613611
31613621
31613631
31613641
31613651
31613661
31613671
31613681
31613691
31613701
31613711
31613721
31613731
31613741
31613750
31613760
31613770
31613780
31613790
31613800
31613810
31613820
31613830
31613840
31613850
31613860
31613870
31613880
31613890
31613900
31613910
31613920
31613930
31613940
31613950
31613960
31613970
31613980
31613990
31614000
31614010
31614020
31614030
31614040
31614050
31614060
31614070
31614080
31614090
31614100
31614109
31614119
31614129
31614139
31614149
31614159
31614169
31614179
31614189
31614199
31614209
31614219
31614229
31614239
31614249
31614259
31614269
31614279
31614289
31614299
31614309
31614319
31614329
31614339
31614349
31614359
31614369
31614379
31614389
31614399
31614409
31614419
31614429
31614439
31614449
31614459
31614468
31614478
31614488
31614498
31614508
31614518
31614528
31614538
31614548
31614558
31614568
31614578
31614588
31614598
31614608
31614618
31614628
31614638
31614648
31614658
31614668
31614678
31614688
31614698
31614708
31614718
31614728
31614738
31614748
31614758
31614768
31614778
31614788
31614798
31614808
31614818
31614828
31614837
31614847
31614857
31614867
31614877
31614887
31614897
31614907
31614917
31614927
31614937
31614947
31614957
31614967
31614977
31614987
31614997
31615007
31615017
31615027
31615037
31615047
31615057
31615067
31615077
31615087
31615097
31615107
31615117
31615127
31615137
31615147
31615157
31615167
31615177
31615187
31615196
31615206
31615216
31615226
31615236
31615246
31615256
31615266
31615276
31615286
31615296
31615306
31615316
31615326
31615336
31615346
31615356
31615366
31615376
31615386
31615396
31615406
31615416
31615426
31615436
31615446
31615456
31615466
31615476
31615486
31615496
31615506
31615516
31615526
31615536
31615546
31615556
31615565
31615575
31615585
31615595
31615605
31615615
31615625
31615635
31615645
31615655
31615665
31615675
31615685
31615695
31615705
31615715
31615725
31615735
31615745
31615755
31615765
31615775
31615785
31615795
31615805
31615815
31615825
31615835
31615845
31615855
31615865
31615875
31615885
31615895
31615905
31615915
31615924
31615934
31615944
31615954
31615964
31615974
31615984
31615994
31616004
31616014
31616024
31616034
31616044
31616054
31616064
31616074
31616084
31616094
31616104
31616114
31616124
31616134
31616144
31616154
31616164
31616174
31616184
31616194
31616204
31616214
31616224
31616234
31616244
31616254
31616264
31616274
31616284
31616293
31616303
31616313
31616323
31616333
31616343
31616353
31616363
31616373
31616383
31616393
31616403
31616413
31616423
31616433
31616443
31616453
31616463
31616473
31616483
31616493
31616503
31616513
31616523
31616533
31616543
31616553
31616563
31616573
31616583
31616593
31616603
31616613
31616623
31616633
31616643
31616652
31616662
31616672
31616682
31616692
31616702
31616712
31616722
31616732
31616742
31616752
31616762
31616772
31616782
31616792
31616802
31616812
31616822
31616832
31616842
31616852
31616862
31616872
31616882
31616892
31616902
31616912
31616922
31616932
31616942
31616952
31616962
31616972
31616982
31616992
31617002
31617012
31617021
31617031
31617041
31617051
31617061
31617071
31617081
31617091
31617101
31617111
31617121
31617131
31617141
31617151
31617161
31617171
31617181
31617191
31617201
31617211
31617221
31617231
31617241
31617251
31617261
31617271
31617281
31617291
31617301
31617311
31617321
31617331
31617341
31617351
31617361
31617371
31617380
31617390
31617400
31617410
31617420
31617430
31617440
31617450
31617460
31617470
31617480
31617490
31617500
31617510
31617520
31617530
31617540
31617550
31617560
31617570
31617580
31617590
31617600
31617610
31617620
31617630
31617640
31617650
31617660
31617670
31617680
31617690
31617700
31617710
31617720
31617730
31617740
31617749
31617759
31617769
31617779
31617789
31617799
31617809
31617819
31617829
31617839
31617849
31617859
31617869
31617879
31617889
31617899
31617909
31617919
31617929
31617939
31617949
31617959
31617969
31617979
31617989
31617999
31618009
31618019
31618029
31618039
31618049
31618059
31618069
31618079
31618089
31618099
31618108
31618118
31618128
31618138
31618148
31618158
31618168
31618178
31618188
31618198
31618208
31618218
31618228
31618238
31618248
31618258
31618268
31618278
31618288
31618298
31618308
31618318
31618328
31618338
31618348
31618358
31618368
31618378
31618388
31618398
31618408
31618418
31618428
31618438
31618448
31618458
31618468
31618477
31618487
31618497
31618507
31618517
31618527
31618537
31618547
31618557
31618567
31618577
31618587
31618597
31618607
31618617
31618627
31618637
31618647
31618657
31618667
31618677
31618687
31618697
31618707
31618717
31618727
31618737
31618747
31618757
31618767
31618777
31618787
31618797
31618807
31618817
31618827
31618836
31618846
31618856
31618866
31618876
31618886
31618896
31618906
31618916
31618926
31618936
31618946
31618956
31618966
31618976
31618986
31618996
31619006
31619016
31619026
31619036
31619046
31619056
31619066
31619076
31619086
31619096
31619106
31619116
31619126
31619136
31619146
31619156
31619166
31619176
31619186
31619196
31619205
31619215
31619225
31619235
31619245
31619255
31619265
31619275
31619285
31619295
31619305
31619315
31619325
31619335
31619345
31619355
31619365
31619375
31619385
31619395
31619405
31619415
31619425
31619435
31619445
31619455
31619465
31619475
31619485
31619495
31619505
31619515
31619525
31619535
31619545
31619555
31619565
31619574
31619584
31619594
31619604
31619614
31619624
31619634
31619644
31619654
31619664
31619674
31619684
31619694
31619704
31619714
31619724
31619734
31619744
31619754
31619764
31619774
31619784
31619794
31619804
31619814
31619824
31619834
31619844
31619854
31619864
31619874
31619884
31619894
31619904
31619914
31619924
31619933
31619943
31619953
31619963
31619973
31619983
31619993
31620003
31620013
31620023
31620033
31620043
31620053
31620063
31620073
31620083
31620093
31620103
31620113
31620123
31620133
31620143
31620153
31620163
31620173
31620183
31620193
31620203
31620213
31620223
31620233
31620243
31620253
31620263
31620273
31620283
31620293
31620302
31620312
31620322
31620332
31620342
31620352
31620362
31620372
31620382
31620392
31620402
31620412
31620422
31620432
31620442
31620452
31620462
31620472
31620482
31620492
31620502
31620512
31620522
31620532
31620542
31620552
31620562
31620572
31620582
31620592
31620602
31620612
31620622
31620632
31620642
31620652
31620661
31620671
31620681
31620691
31620701
31620711
31620721
31620731
31620741
31620751
31620761
31620771
31620781
31620791
31620801
31620811
31620821
31620831
31620841
31620851
31620861
31620871
31620881
31620891
31620901
31620911
31620921
31620931
31620941
31620951
31620961
31620971
31620981
31620991
31621001
31621011
31621021
31621030
31621040
31621050
31621060
31621070
31621080
31621090
31621100
31621110
31621120
31621130
31621140
31621150
31621160
31621170
31621180
31621190
31621200
31621210
31621220
31621230
31621240
31621250
31621260
31621270
31621280
31621290
31621300
31621310
31621320
31621330
31621340
31621350
31621360
31621370
31621380
31621389
31621399
31621409
31621419
31621429
31621439
31621449
31621459
31621469
31621479
31621489
31621499
31621509
31621519
31621529
31621539
31621549
31621559
31621569
31621579
31621589
31621599
31621609
31621619
31621629
31621639
31621649
31621659
31621669
31621679
31621689
31621699
31621709
31621719
31621729
31621739
31621749
31621758
31621768
31621778
31621788
31621798
31621808
31621818
31621828
31621838
31621848
31621858
31621868
31621878
31621888
31621898
31621908
31621918
31621928
31621938
31621948
31621958
31621968
31621978
31621988
31621998
31622008
31622018
31622028
31622038
31622048
31622058
31622068
31622078
31622088
31622098
31622108
31622118
31622127
31622137
31622147
31622157
31622167
31622177
31622187
31622197
31622207
31622217
31622227
31622237
31622247
31622257
31622267
31622277
31622287
31622297
31622307
31622317
31622327
31622337
31622347
31622357
31622367
31622377
31622387
31622397
31622407
31622417
31622427
31622437
31622447
31622457
31622467
31622477
31622486
31622496
31622506
31622516
31622526
31622536
31622546
31622556
31622566
31622576
31622586
31622596
31622606
31622616
31622626
31622636
31622646
31622656
31622666
31622676
31622686
31622696
31622706
31622716
31622726
31622736
31622746
31622756
31622766
31622776
31622786
31622796
31622806
31622816
31622826
31622836
31622846
31622855
31622865
31622875
31622885
31622895
31622905
31622915
31622925
31622935
31622945
31622955
31622965
31622975
31622985
31622995
31623005
31623015
31623025
31623035
31623045
31623055
31623065
31623075
31623085
31623095
31623105
31623115
31623125
31623135
31623145
31623155
31623165
31623175
31623185
31623195
31623205
31623214
31623224
31623234
31623244
31623254
31623264
31623274
31623284
31623294
31623304
31623314
31623324
31623334
31623344
31623354
31623364
31623374
31623384
31623394
31623404
31623414
31623424
31623434
31623444
31623454
31623464
31623474
31623484
31623494
31623504
31623514
31623524
31623534
31623544
31623554
31623564
31623574
31623583
31623593
31623603
31623613
31623623
31623633
31623643
31623653
31623663
31623673
31623683
31623693
31623703
31623713
31623723
31623733
31623743
31623753
31623763
31623773
31623783
31623793
31623803
31623813
31623823
31623833
31623843
31623853
31623863
31623873
31623883
31623893
31623903
31623913
31623923
31623933
31623942
31623952
31623962
31623972
31623982
31623992
31624002
31624012
31624022
31624032
31624042
31624052
31624062
31624072
31624082
31624092
31624102
31624112
31624122
31624132
31624142
31624152
31624162
31624172
31624182
31624192
31624202
31624212
31624222
31624232
31624242
31624252
31624262
31624272
31624282
31624292
31624302
31624311
31624321
31624331
31624341
31624351
31624361
31624371
31624381
31624391
31624401
31624411
31624421
31624431
31624441
31624451
31624461
31624471
31624481
31624491
31624501
31624511
31624521
31624531
31624541
31624551
31624561
31624571
31624581
31624591
31624601
31624611
31624621
31624631
31624641
31624651
31624661
31624671
31624680
31624690
31624700
31624710
31624720
31624730
31624740
31624750
31624760
31624770
31624780
31624790
31624800
31624810
31624820
31624830
31624840
31624850
31624860
31624870
31624880
31624890
31624900
31624910
31624920
31624930
31624940
31624950
31624960
31624970
31624980
31624990
31625000
31625010
31625020
31625030
31625039
31625049
31625059
31625069
31625079
31625089
31625099
31625109
31625119
31625129
31625139
31625149
31625159
31625169
31625179
31625189
31625199
31625209
31625219
31625229
31625239
31625249
31625259
31625269
31625279
31625289
31625299
31625309
31625319
31625329
31625339
31625349
31625359
31625369
31625379
31625389
31625399
31625408
31625418
31625428
31625438
31625448
31625458
31625468
31625478
31625488
31625498
31625508
31625518
31625528
31625538
31625548
31625558
31625568
31625578
31625588
31625598
31625608
31625618
31625628
31625638
31625648
31625658
31625668
31625678
31625688
31625698
31625708
31625718
31625728
31625738
31625748
31625758
31625767
31625777
31625787
31625797
31625807
31625817
31625827
31625837
31625847
31625857
31625867
31625877
31625887
31625897
31625907
31625917
31625927
31625937
31625947
31625957
31625967
31625977
31625987
31625997
31626007
31626017
31626027
31626037
31626047
31626057
31626067
31626077
31626087
31626097
31626107
31626117
31626127
31626136
31626146
31626156
31626166
31626176
31626186
31626196
31626206
31626216
31626226
31626236
31626246
31626256
31626266
31626276
31626286
31626296
31626306
31626316
31626326
31626336
31626346
31626356
31626366
31626376
31626386
31626396
31626406
31626416
31626426
31626436
31626446
31626456
31626466
31626476
31626486
31626496
31626505
31626515
31626525
31626535
31626545
31626555
31626565
31626575
31626585
31626595
31626605
31626615
31626625
31626635
31626645
31626655
31626665
31626675
31626685
31626695
31626705
31626715
31626725
31626735
31626745
31626755
31626765
31626775
31626785
31626795
31626805
31626815
31626825
31626835
31626845
31626855
31626864
31626874
31626884
31626894
31626904
31626914
31626924
31626934
31626944
31626954
31626964
31626974
31626984
31626994
31627004
31627014
31627024
31627034
31627044
31627054
31627064
31627074
31627084
31627094
31627104
31627114
31627124
31627134
31627144
31627154
31627164
31627174
31627184
31627194
31627204
31627214
31627224
31627233
31627243
31627253
31627263
31627273
31627283
31627293
31627303
31627313
31627323
31627333
31627343
31627353
31627363
31627373
31627383
31627393
31627403
31627413
31627423
31627433
31627443
31627453
31627463
31627473
31627483
31627493
31627503
31627513
31627523
31627533
31627543
31627553
31627563
31627573
31627583
31627593
31627602
31627612
31627622
31627632
31627642
31627652
31627662
31627672
31627682
31627692
31627702
31627712
31627722
31627732
31627742
31627752
31627762
31627772
31627782
31627792
31627802
31627812
31627822
31627832
31627842
31627852
31627862
31627872
31627882
31627892
31627902
31627912
31627922
31627932
31627942
31627952
31627961
31627971
31627981
31627991
31628001
31628011
31628021
31628031
31628041
31628051
31628061
31628071
31628081
31628091
31628101
31628111
31628121
31628131
31628141
31628151
31628161
31628171
31628181
31628191
31628201
31628211
31628221
31628231
31628241
31628251
31628261
31628271
31628281
31628291
31628301
31628311
31628321
31628330
31628340
31628350
31628360
31628370
31628380
31628390
31628400
31628410
31628420
31628430
31628440
31628450
31628460
31628470
31628480
31628490
31628500
31628510
31628520
31628530
31628540
31628550
31628560
31628570
31628580
31628590
31628600
31628610
31628620
31628630
31628640
31628650
31628660
31628670
31628680
31628689
31628699
31628709
31628719
31628729
31628739
31628749
31628759
31628769
31628779
31628789
31628799
31628809
31628819
31628829
31628839
31628849
31628859
31628869
31628879
31628889
31628899
31628909
31628919
31628929
31628939
31628949
31628959
31628969
31628979
31628989
31628999
31629009
31629019
31629029
31629039
31629049
31629058
31629068
31629078
31629088
31629098
31629108
31629118
31629128
31629138
31629148
31629158
31629168
31629178
31629188
31629198
31629208
31629218
31629228
31629238
31629248
31629258
31629268
31629278
31629288
31629298
31629308
31629318
31629328
31629338
31629348
31629358
31629368
31629378
31629388
31629398
31629408
31629418
31629427
31629437
31629447
31629457
31629467
31629477
31629487
31629497
31629507
31629517
31629527
31629537
31629547
31629557
31629567
31629577
31629587
31629597
31629607
31629617
31629627
31629637
31629647
31629657
31629667
31629677
31629687
31629697
31629707
31629717
31629727
31629737
31629747
31629757
31629767
31629777
31629786
31629796
31629806
31629816
31629826
31629836
31629846
31629856
31629866
31629876
31629886
31629896
31629906
31629916
31629926
31629936
31629946
31629956
31629966
31629976
31629986
31629996
31630006
31630016
31630026
31630036
31630046
31630056
31630066
31630076
31630086
31630096
31630106
31630116
31630126
31630136
31630146
31630155
31630165
31630175
31630185
31630195
31630205
31630215
31630225
31630235
31630245
31630255
31630265
31630275
31630285
31630295
31630305
31630315
31630325
31630335
31630345
31630355
31630365
31630375
31630385
31630395
31630405
31630415
31630425
31630435
31630445
31630455
31630465
31630475
31630485
31630495
31630505
31630515
31630524
31630534
31630544
31630554
31630564
31630574
31630584
31630594
31630604
31630614
31630624
31630634
31630644
31630654
31630664
31630674
31630684
31630694
31630704
31630714
31630724
31630734
31630744
31630754
31630764
31630774
31630784
31630794
31630804
31630814
31630824
31630834
31630844
31630854
31630864
31630874
31630883
31630893
31630903
31630913
31630923
31630933
31630943
31630953
31630963
31630973
31630983
31630993
31631003
31631013
31631023
31631033
31631043
31631053
31631063
31631073
31631083
31631093
31631103
31631113
31631123
31631133
31631143
31631153
31631163
31631173
31631183
31631193
31631203
31631213
31631223
31631233
31631243
31631252
31631262
31631272
31631282
31631292
31631302
31631312
31631322
31631332
31631342
31631352
31631362
31631372
31631382
31631392
31631402
31631412
31631422
31631432
31631442
31631452
31631462
31631472
31631482
31631492
31631502
31631512
31631522
31631532
31631542
31631552
31631562
31631572
31631582
31631592
31631602
31631611
31631621
31631631
31631641
31631651
31631661
31631671
31631681
31631691
31631701
31631711
31631721
31631731
31631741
31631751
31631761
31631771
31631781
31631791
31631801
31631811
31631821
31631831
31631841
31631851
31631861
31631871
31631881
31631891
31631901
31631911
31631921
31631931
31631941
31631951
31631961
31631971
31631980
31631990
31632000
31632010
31632020
31632030
31632040
31632050
31632060
31632070
31632080
31632090
31632100
31632110
31632120
31632130
31632140
31632150
31632160
31632170
31632180
31632190
31632200
31632210
31632220
31632230
31632240
31632250
31632260
31632270
31632280
31632290
31632300
31632310
31632320
31632330
31632340
31632349
31632359
31632369
31632379
31632389
31632399
31632409
31632419
31632429
31632439
31632449
31632459
31632469
31632479
31632489
31632499
31632509
31632519
31632529
31632539
31632549
31632559
31632569
31632579
31632589
31632599
31632609
31632619
31632629
31632639
31632649
31632659
31632669
31632679
31632689
31632699
31632708
31632718
31632728
31632738
31632748
31632758
31632768
31632778
31632788
31632798
31632808
31632818
31632828
31632838
31632848
31632858
31632868
31632878
31632888
31632898
31632908
31632918
31632928
31632938
31632948
31632958
31632968
31632978
31632988
31632998
31633008
31633018
31633028
31633038
31633048
31633058
31633068
31633077
31633087
31633097
31633107
31633117
31633127
31633137
31633147
31633157
31633167
31633177
31633187
31633197
31633207
31633217
31633227
31633237
31633247
31633257
31633267
31633277
31633287
31633297
31633307
31633317
31633327
31633337
31633347
31633357
31633367
31633377
31633387
31633397
31633407
31633417
31633427
31633437
31633446
31633456
31633466
31633476
31633486
31633496
31633506
31633516
31633526
31633536
31633546
31633556
31633566
31633576
31633586
31633596
31633606
31633616
31633626
31633636
31633646
31633656
31633666
31633676
31633686
31633696
31633706
31633716
31633726
31633736
31633746
31633756
31633766
31633776
31633786
31633796
31633805
31633815
31633825
31633835
31633845
31633855
31633865
31633875
31633885
31633895
31633905
31633915
31633925
31633935
31633945
31633955
31633965
31633975
31633985
31633995
31634005
31634015
31634025
31634035
31634045
31634055
31634065
31634075
31634085
31634095
31634105
31634115
31634125
31634135
31634145
31634155
31634165
31634174
31634184
31634194
31634204
31634214
31634224
31634234
31634244
31634254
31634264
31634274
31634284
31634294
31634304
31634314
31634324
31634334
31634344
31634354
31634364
31634374
31634384
31634394
31634404
31634414
31634424
31634434
31634444
31634454
31634464
31634474
31634484
31634494
31634504
31634514
31634524
31634534
31634543
31634553
31634563
31634573
31634583
31634593
31634603
31634613
31634623
31634633
31634643
31634653
31634663
31634673
31634683
31634693
31634703
31634713
31634723
31634733
31634743
31634753
31634763
31634773
31634783
31634793
31634803
31634813
31634823
31634833
31634843
31634853
31634863
31634873
31634883
31634893
31634902
31634912
31634922
31634932
31634942
31634952
31634962
31634972
31634982
31634992
31635002
31635012
31635022
31635032
31635042
31635052
31635062
31635072
31635082
31635092
31635102
31635112
31635122
31635132
31635142
31635152
31635162
31635172
31635182
31635192
31635202
31635212
31635222
31635232
31635242
31635252
31635262
31635271
31635281
31635291
31635301
31635311
31635321
31635331
31635341
31635351
31635361
31635371
31635381
31635391
31635401
31635411
31635421
31635431
31635441
31635451
31635461
31635471
31635481
31635491
31635501
31635511
31635521
31635531
31635541
31635551
31635561
31635571
31635581
31635591
31635601
31635611
31635621
31635631
31635640
31635650
31635660
31635670
31635680
31635690
31635700
31635710
31635720
31635730
31635740
31635750
31635760
31635770
31635780
31635790
31635800
31635810
31635820
31635830
31635840
31635850
31635860
31635870
31635880
31635890
31635900
31635910
31635920
31635930
31635940
31635950
31635960
31635970
31635980
31635990
31636000
31636009
31636019
31636029
31636039
31636049
31636059
31636069
31636079
31636089
31636099
31636109
31636119
31636129
31636139
31636149
31636159
31636169
31636179
31636189
31636199
31636209
31636219
31636229
31636239
31636249
31636259
31636269
31636279
31636289
31636299
31636309
31636319
31636329
31636339
31636349
31636359
31636368
31636378
31636388
31636398
31636408
31636418
31636428
31636438
31636448
31636458
31636468
31636478
31636488
31636498
31636508
31636518
31636528
31636538
31636548
31636558
31636568
31636578
31636588
31636598
31636608
31636618
31636628
31636638
31636648
31636658
31636668
31636678
31636688
31636698
31636708
31636718
31636728
31636737
31636747
31636757
31636767
31636777
31636787
31636797
31636807
31636817
31636827
31636837
31636847
31636857
31636867
31636877
31636887
31636897
31636907
31636917
31636927
31636937
31636947
31636957
31636967
31636977
31636987
31636997
31637007
31637017
31637027
31637037
31637047
31637057
31637067
31637077
31637087
31637097
31637106
31637116
31637126
31637136
31637146
31637156
31637166
31637176
31637186
31637196
31637206
31637216
31637226
31637236
31637246
31637256
31637266
31637276
31637286
31637296
31637306
31637316
31637326
31637336
31637346
31637356
31637366
31637376
31637386
31637396
31637406
31637416
31637426
31637436
31637446
31637456
31637465
31637475
31637485
31637495
31637505
31637515
31637525
31637535
31637545
31637555
31637565
31637575
31637585
31637595
31637605
31637615
31637625
31637635
31637645
31637655
31637665
31637675
31637685
31637695
31637705
31637715
31637725
31637735
31637745
31637755
31637765
31637775
31637785
31637795
31637805
31637815
31637825
31637834
31637844
31637854
31637864
31637874
31637884
31637894
31637904
31637914
31637924
31637934
31637944
31637954
31637964
31637974
31637984
31637994
31638004
31638014
31638024
31638034
31638044
31638054
31638064
31638074
31638084
31638094
31638104
31638114
31638124
31638134
31638144
31638154
31638164
31638174
31638184
31638194
31638203
31638213
31638223
31638233
31638243
31638253
31638263
31638273
31638283
31638293
31638303
31638313
31638323
31638333
31638343
31638353
31638363
31638373
31638383
31638393
31638403
31638413
31638423
31638433
31638443
31638453
31638463
31638473
31638483
31638493
31638503
31638513
31638523
31638533
31638543
31638553
31638563
31638572
31638582
31638592
31638602
31638612
31638622
31638632
31638642
31638652
31638662
31638672
31638682
31638692
31638702
31638712
31638722
31638732
31638742
31638752
31638762
31638772
31638782
31638792
31638802
31638812
31638822
31638832
31638842
31638852
31638862
31638872
31638882
31638892
31638902
31638912
31638922
31638931
31638941
31638951
31638961
31638971
31638981
31638991
31639001
31639011
31639021
31639031
31639041
31639051
31639061
31639071
31639081
31639091
31639101
31639111
31639121
31639131
31639141
31639151
31639161
31639171
31639181
31639191
31639201
31639211
31639221
31639231
31639241
31639251
31639261
31639271
31639281
31639291
31639300
31639310
31639320
31639330
31639340
31639350
31639360
31639370
31639380
31639390
31639400
31639410
31639420
31639430
31639440
31639450
31639460
31639470
31639480
31639490
31639500
31639510
31639520
31639530
31639540
31639550
31639560
31639570
31639580
31639590
31639600
31639610
31639620
31639630
31639640
31639650
31639660
31639669
31639679
31639689
31639699
31639709
31639719
31639729
31639739
31639749
31639759
31639769
31639779
31639789
31639799
31639809
31639819
31639829
31639839
31639849
31639859
31639869
31639879
31639889
31639899
31639909
31639919
31639929
31639939
31639949
31639959
31639969
31639979
31639989
31639999
31640009
31640019
31640029
31640038
31640048
31640058
31640068
31640078
31640088
31640098
31640108
31640118
31640128
31640138
31640148
31640158
31640168
31640178
31640188
31640198
31640208
31640218
31640228
31640238
31640248
31640258
31640268
31640278
31640288
31640298
31640308
31640318
31640328
31640338
31640348
31640358
31640368
31640378
31640388
31640397
31640407
31640417
31640427
31640437
31640447
31640457
31640467
31640477
31640487
31640497
31640507
31640517
31640527
31640537
31640547
31640557
31640567
31640577
31640587
31640597
31640607
31640617
31640627
31640637
31640647
31640657
31640667
31640677
31640687
31640697
31640707
31640717
31640727
31640737
31640747
31640757
31640766
31640776
31640786
31640796
31640806
31640816
31640826
31640836
31640846
31640856
31640866
31640876
31640886
31640896
31640906
31640916
31640926
31640936
31640946
31640956
31640966
31640976
31640986
31640996
31641006
31641016
31641026
31641036
31641046
31641056
31641066
31641076
31641086
31641096
31641106
31641116
31641126
31641135
31641145
31641155
31641165
31641175
31641185
31641195
31641205
31641215
31641225
31641235
31641245
31641255
31641265
31641275
31641285
31641295
31641305
31641315
31641325
31641335
31641345
31641355
31641365
31641375
31641385
31641395
31641405
31641415
31641425
31641435
31641445
31641455
31641465
31641475
31641485
31641495
31641504
31641514
31641524
31641534
31641544
31641554
31641564
31641574
31641584
31641594
31641604
31641614
31641624
31641634
31641644
31641654
31641664
31641674
31641684
31641694
31641704
31641714
31641724
31641734
31641744
31641754
31641764
31641774
31641784
31641794
31641804
31641814
31641824
31641834
31641844
31641854
31641863
31641873
31641883
31641893
31641903
31641913
31641923
31641933
31641943
31641953
31641963
31641973
31641983
31641993
31642003
31642013
31642023
31642033
31642043
31642053
31642063
31642073
31642083
31642093
31642103
31642113
31642123
31642133
31642143
31642153
31642163
31642173
31642183
31642193
31642203
31642213
31642223
31642232
31642242
31642252
31642262
31642272
31642282
31642292
31642302
31642312
31642322
31642332
31642342
31642352
31642362
31642372
31642382
31642392
31642402
31642412
31642422
31642432
31642442
31642452
31642462
31642472
31642482
31642492
31642502
31642512
31642522
31642532
31642542
31642552
31642562
31642572
31642582
31642592
31642601
31642611
31642621
31642631
31642641
31642651
31642661
31642671
31642681
31642691
31642701
31642711
31642721
31642731
31642741
31642751
31642761
31642771
31642781
31642791
31642801
31642811
31642821
31642831
31642841
31642851
31642861
31642871
31642881
31642891
31642901
31642911
31642921
31642931
31642941
31642951
31642961
31642970
31642980
31642990
31643000
31643010
31643020
31643030
31643040
31643050
31643060
31643070
31643080
31643090
31643100
31643110
31643120
31643130
31643140
31643150
31643160
31643170
31643180
31643190
31643200
31643210
31643220
31643230
31643240
31643250
31643260
31643270
31643280
31643290
31643300
31643310
31643320
31643329
31643339
31643349
31643359
31643369
31643379
31643389
31643399
31643409
31643419
31643429
31643439
31643449
31643459
31643469
31643479
31643489
31643499
31643509
31643519
31643529
31643539
31643549
31643559
31643569
31643579
31643589
31643599
31643609
31643619
31643629
31643639
31643649
31643659
31643669
31643679
31643689
31643698
31643708
31643718
31643728
31643738
31643748
31643758
31643768
31643778
31643788
31643798
31643808
31643818
31643828
31643838
31643848
31643858
31643868
31643878
31643888
31643898
31643908
31643918
31643928
31643938
31643948
31643958
31643968
31643978
31643988
31643998
31644008
31644018
31644028
31644038
31644048
31644058
31644067
31644077
31644087
31644097
31644107
31644117
31644127
31644137
31644147
31644157
31644167
31644177
31644187
31644197
31644207
31644217
31644227
31644237
31644247
31644257
31644267
31644277
31644287
31644297
31644307
31644317
31644327
31644337
31644347
31644357
31644367
31644377
31644387
31644397
31644407
31644417
31644427
31644436
31644446
31644456
31644466
31644476
31644486
31644496
31644506
31644516
31644526
31644536
31644546
31644556
31644566
31644576
31644586
31644596
31644606
31644616
31644626
31644636
31644646
31644656
31644666
31644676
31644686
31644696
31644706
31644716
31644726
31644736
31644746
31644756
31644766
31644776
31644786
31644795
31644805
31644815
31644825
31644835
31644845
31644855
31644865
31644875
31644885
31644895
31644905
31644915
31644925
31644935
31644945
31644955
31644965
31644975
31644985
31644995
31645005
31645015
31645025
31645035
31645045
31645055
31645065
31645075
31645085
31645095
31645105
31645115
31645125
31645135
31645145
31645155
31645164
31645174
31645184
31645194
31645204
31645214
31645224
31645234
31645244
31645254
31645264
31645274
31645284
31645294
31645304
31645314
31645324
31645334
31645344
31645354
31645364
31645374
31645384
31645394
31645404
31645414
31645424
31645434
31645444
31645454
31645464
31645474
31645484
31645494
31645504
31645514
31645524
31645533
31645543
31645553
