Timestamp
4896688
4896698
4896708
4896718
4896728
4896738
4896748
4896758
4896768
4896778
4896789
4896799
4896809
4896819
4896829
4896839
4896849
4896859
4896869
4896879
4896889
4896899
4896910
4896920
4896930
4896940
4896950
4896960
4896970
4896980
4896990
4897000
4897010
4897020
4897031
4897041
4897051
4897061
4897071
4897081
4897091
4897101
4897111
4897121
4897131
4897141
4897152
4897162
4897172
4897182
4897192
4897202
4897212
4897222
4897232
4897242
4897252
4897262
4897273
4897283
4897293
4897303
4897313
4897323
4897333
4897343
4897353
4897363
4897373
4897383
4897394
4897404
4897414
4897424
4897434
4897444
4897454
4897464
4897474
4897484
4897494
4897504
4897515
4897525
4897535
4897545
4897555
4897565
4897575
4897585
4897595
4897605
4897615
4897625
4897636
4897646
4897656
4897666
4897676
4897686
4897696
4897706
4897716
4897726
4897736
4897746
4897757
4897767
4897777
4897787
4897797
4897807
4897817
4897827
4897837
4897847
4897857
4897867
4897878
4897888
4897898
4897908
4897918
4897928
4897938
4897948
4897958
4897968
4897978
4897988
4897999
4898009
4898019
4898029
4898039
4898049
4898059
4898069
4898079
4898089
4898099
4898110
4898120
4898130
4898140
4898150
4898160
4898170
4898180
4898190
4898200
4898210
4898220
4898231
4898241
4898251
4898261
4898271
4898281
4898291
4898301
4898311
4898321
4898331
4898341
4898351
4898362
4898372
4898382
4898392
4898402
4898412
4898422
4898432
4898442
4898452
4898462
4898472
4898483
4898493
4898503
4898513
4898523
4898533
4898543
4898553
4898563
4898573
4898583
4898593
4898604
4898614
4898624
4898634
4898644
4898654
4898664
4898674
4898684
4898694
4898704
4898714
4898725
4898735
4898745
4898755
4898765
4898775
4898785
4898795
4898805
4898815
4898825
4898835
4898846
4898856
4898866
4898876
4898886
4898896
4898906
4898916
4898926
4898936
4898946
4898956
4898967
4898977
4898987
4898997
4899007
4899017
4899027
4899037
4899047
4899057
4899067
4899078
4899088
4899098
4899108
4899118
4899128
4899138
4899148
4899158
4899168
4899178
4899188
4899199
4899209
4899219
4899229
4899239
4899249
4899259
4899269
4899279
4899289
4899299
4899309
4899320
4899330
4899340
4899350
4899360
4899370
4899380
4899390
4899400
4899410
4899420
4899430
4899441
4899451
4899461
4899471
4899481
4899491
4899501
4899511
4899521
4899531
4899541
4899551
4899562
4899572
4899582
4899592
4899602
4899612
4899622
4899632
4899642
4899652
4899662
4899672
4899683
4899693
4899703
4899713
4899723
4899733
4899743
4899753
4899763
4899773
4899783
4899793
4899804
4899814
4899824
4899834
4899844
4899854
4899864
4899874
4899884
4899894
4899904
4899914
4899925
4899935
4899945
4899955
4899965
4899975
4899985
4899995
4900005
4900015
4900025
4900035
4900046
4900056
4900066
4900076
4900086
4900096
4900106
4900116
4900126
4900136
4900146
4900156
4900167
4900177
4900187
4900197
4900207
4900217
4900227
4900237
4900247
4900257
4900267
4900277
4900288
4900298
4900308
4900318
4900328
4900338
4900348
4900358
4900368
4900378
4900388
4900398
4900409
4900419
4900429
4900439
4900449
4900459
4900469
4900479
4900489
4900499
4900509
4900519
4900530
4900540
4900550
4900560
4900570
4900580
4900590
4900600
4900610
4900620
4900630
4900640
4900651
4900661
4900671
4900681
4900691
4900701
4900711
4900721
4900731
4900741
4900751
4900761
4900772
4900782
4900792
4900802
4900812
4900822
4900832
4900842
4900852
4900862
4900872
4900882
4900893
4900903
4900913
4900923
4900933
4900943
4900953
4900963
4900973
4900983
4900993
4901004
4901014
4901024
4901034
4901044
4901054
4901064
4901074
4901084
4901094
4901104
4901114
4901125
4901135
4901145
4901155
4901165
4901175
4901185
4901195
4901205
4901215
4901225
4901235
4901246
4901256
4901266
4901276
4901286
4901296
4901306
4901316
4901326
4901336
4901346
4901356
4901367
4901377
4901387
4901397
4901407
4901417
4901427
4901437
4901447
4901457
4901467
4901477
4901488
4901498
4901508
4901518
4901528
4901538
4901548
4901558
4901568
4901578
4901588
4901598
4901609
4901619
4901629
4901639
4901649
4901659
4901669
4901679
4901689
4901699
4901709
4901719
4901730
4901740
4901750
4901760
4901770
4901780
4901790
4901800
4901810
4901820
4901830
4901840
4901851
4901861
4901871
4901881
4901891
4901901
4901911
4901921
4901931
4901941
4901951
4901961
4901972
4901982
4901992
4902002
4902012
4902022
4902032
4902042
4902052
4902062
4902072
4902082
4902093
4902103
4902113
4902123
4902133
4902143
4902153
4902163
4902173
4902183
4902193
4902204
4902214
4902224
4902234
4902244
4902254
4902264
4902274
4902284
4902294
4902304
4902314
4902324
4902335
4902345
4902355
4902365
4902375
4902385
4902395
4902405
4902415
4902425
4902435
4902446
4902456
4902466
4902476
4902486
4902496
4902506
4902516
4902526
4902536
4902546
4902556
4902567
4902577
4902587
4902597
4902607
4902617
4902627
4902637
4902647
4902657
4902667
4902677
4902688
4902698
4902708
4902718
4902728
4902738
4902748
4902758
4902768
4902778
4902788
4902798
4902809
4902819
4902829
4902839
4902849
4902859
4902869
4902879
4902889
4902899
4902909
4902919
4902930
4902940
4902950
4902960
4902970
4902980
4902990
4903000
4903010
4903020
4903030
4903040
4903051
4903061
4903071
4903081
4903091
4903101
4903111
4903121
4903131
4903141
4903151
4903161
4903172
4903182
4903192
4903202
4903212
4903222
4903232
4903242
4903252
4903262
4903272
4903282
4903293
4903303
4903313
4903323
4903333
4903343
4903353
4903363
4903373
4903383
4903393
4903403
4903414
4903424
4903434
4903444
4903454
4903464
4903474
4903484
4903494
4903504
4903514
4903524
4903535
4903545
4903555
4903565
4903575
4903585
4903595
4903605
4903615
4903625
4903635
4903645
4903656
4903666
4903676
4903686
4903696
4903706
4903716
4903726
4903736
4903746
4903756
4903767
4903777
4903787
4903797
4903807
4903817
4903827
4903837
4903847
4903857
4903867
4903877
4903888
4903898
4903908
4903918
4903928
4903938
4903948
4903958
4903968
4903978
4903988
4903998
4904009
4904019
4904029
4904039
4904049
4904059
4904069
4904079
4904089
4904099
4904109
4904119
4904130
4904140
4904150
4904160
4904170
4904180
4904190
4904200
4904210
4904220
4904230
4904240
4904251
4904261
4904271
4904281
4904291
4904301
4904311
4904321
4904331
4904341
4904351
4904361
4904372
4904382
4904392
4904402
4904412
4904422
4904432
4904442
4904452
4904462
4904472
4904482
4904493
4904503
4904513
4904523
4904533
4904543
4904553
4904563
4904573
4904583
4904593
4904603
4904614
4904624
4904634
4904644
4904654
4904664
4904674
4904684
4904694
4904704
4904714
4904724
4904735
4904745
4904755
4904765
4904775
4904785
4904795
4904805
4904815
4904825
4904835
4904845
4904856
4904866
4904876
4904886
4904896
4904906
4904916
4904926
4904936
4904946
4904956
4904966
4904977
4904987
4904997
4905007
4905017
4905027
4905037
4905047
4905057
4905067
4905077
4905087
4905098
4905108
4905118
4905128
4905138
4905148
4905158
4905168
4905178
4905188
4905198
4905208
4905219
4905229
4905239
4905249
4905259
4905269
4905279
4905289
4905299
4905309
4905319
4905329
4905340
4905350
4905360
4905370
4905380
4905390
4905400
4905410
4905420
4905430
4905440
4905450
4905461
4905471
4905481
4905491
4905501
4905511
4905521
4905531
4905541
4905551
4905561
4905571
4905582
4905592
4905602
4905612
4905622
4905632
4905642
4905652
4905662
4905672
4905682
4905693
4905703
4905713
4905723
4905733
4905743
4905753
4905763
4905773
4905783
4905793
4905803
4905814
4905824
4905834
4905844
4905854
4905864
4905874
4905884
4905894
4905904
4905914
4905924
4905935
4905945
4905955
4905965
4905975
4905985
4905995
4906005
4906015
4906025
4906035
4906045
4906056
4906066
4906076
4906086
4906096
4906106
4906116
4906126
4906136
4906146
4906156
4906167
4906177
4906187
4906197
4906207
4906217
4906227
4906237
4906247
4906257
4906267
4906277
4906288
4906298
4906308
4906318
4906328
4906338
4906348
4906358
4906368
4906378
4906388
4906398
4906409
4906419
4906429
4906439
4906449
4906459
4906469
4906479
4906489
4906499
4906509
4906519
4906530
4906540
4906550
4906560
4906570
4906580
4906590
4906600
4906610
4906620
4906630
4906640
4906651
4906661
4906671
4906681
4906691
4906701
4906711
4906721
4906731
4906741
4906751
4906762
4906772
4906782
4906792
4906802
4906812
4906822
4906832
4906842
4906852
4906862
4906872
4906883
4906893
4906903
4906913
4906923
4906933
4906943
4906953
4906963
4906973
4906983
4906993
4907004
4907014
4907024
4907034
4907044
4907054
4907064
4907074
4907084
4907094
4907104
4907114
4907125
4907135
4907145
4907155
4907165
4907175
4907185
4907195
4907205
4907215
4907225
4907236
4907246
4907256
4907266
4907276
4907286
4907296
4907306
4907316
4907326
4907336
4907346
4907357
4907367
4907377
4907387
4907397
4907407
4907417
4907427
4907437
4907447
4907457
4907468
4907478
4907488
4907498
4907508
4907518
4907528
4907538
4907548
4907558
4907568
4907578
4907589
4907599
4907609
4907619
4907629
4907639
4907649
4907659
4907669
4907679
4907689
4907699
4907710
4907720
4907730
4907740
4907750
4907760
4907770
4907780
4907790
4907800
4907810
4907821
4907831
4907841
4907851
4907861
4907871
4907881
4907891
4907901
4907911
4907921
4907931
4907942
4907952
4907962
4907972
4907982
4907992
4908002
4908012
4908022
4908032
4908042
4908052
4908063
4908073
4908083
4908093
4908103
4908113
4908123
4908133
4908143
4908153
4908163
4908174
4908184
4908194
4908204
4908214
4908224
4908234
4908244
4908254
4908264
4908274
4908284
4908295
4908305
4908315
4908325
4908335
4908345
4908355
4908365
4908375
4908385
4908395
4908405
4908416
4908426
4908436
4908446
4908456
4908466
4908476
4908486
4908496
4908506
4908516
4908526
4908537
4908547
4908557
4908567
4908577
4908587
4908597
4908607
4908617
4908627
4908637
4908647
4908658
4908668
4908678
4908688
4908698
4908708
4908718
4908728
4908738
4908748
4908758
4908768
4908779
4908789
4908799
4908809
4908819
4908829
4908839
4908849
4908859
4908869
4908879
4908889
4908900
4908910
4908920
4908930
4908940
4908950
4908960
4908970
4908980
4908990
4909000
4909010
4909021
4909031
4909041
4909051
4909061
4909071
4909081
4909091
4909101
4909111
4909121
4909131
4909142
4909152
4909162
4909172
4909182
4909192
4909202
4909212
4909222
4909232
4909242
4909253
4909263
4909273
4909283
4909293
4909303
4909313
4909323
4909333
4909343
4909353
4909363
4909374
4909384
4909394
4909404
4909414
4909424
4909434
4909444
4909454
4909464
4909474
4909484
4909495
4909505
4909515
4909525
4909535
4909545
4909555
4909565
4909575
4909585
4909595
4909605
4909616
4909626
4909636
4909646
4909656
4909666
4909676
4909686
4909696
4909706
4909716
4909727
4909737
4909747
4909757
4909767
4909777
4909787
4909797
4909807
4909817
4909827
4909837
4909848
4909858
4909868
4909878
4909888
4909898
4909908
4909918
4909928
4909938
4909948
4909958
4909969
4909979
4909989
4909999
4910009
4910019
4910029
4910039
4910049
4910059
4910069
4910079
4910090
4910100
4910110
4910120
4910130
4910140
4910150
4910160
4910170
4910180
4910190
4910201
4910211
4910221
4910231
4910241
4910251
4910261
4910271
4910281
4910291
4910301
4910311
4910322
4910332
4910342
4910352
4910362
4910372
4910382
4910392
4910402
4910412
4910422
4910432
4910443
4910453
4910463
4910473
4910483
4910493
4910503
4910513
4910523
4910533
4910543
4910553
4910564
4910574
4910584
4910594
4910604
4910614
4910624
4910634
4910644
4910654
4910664
4910674
4910685
4910695
4910705
4910715
4910725
4910735
4910745
4910755
4910765
4910775
4910785
4910795
4910806
4910816
4910826
4910836
4910846
4910856
4910866
4910876
4910886
4910896
4910906
4910916
4910927
4910937
4910947
4910957
4910967
4910977
4910987
4910997
4911007
4911017
4911027
4911037
4911048
4911058
4911068
4911078
4911088
4911098
4911108
4911118
4911128
4911138
4911148
4911158
4911169
4911179
4911189
4911199
4911209
4911219
4911229
4911239
4911249
4911259
4911269
4911279
4911290
4911300
4911310
4911320
4911330
4911340
4911350
4911360
4911370
4911380
4911390
4911400
4911410
4911421
4911431
4911441
4911451
4911461
4911471
4911481
4911491
4911501
4911511
4911521
4911531
4911542
4911552
4911562
4911572
4911582
4911592
4911602
4911612
4911622
4911632
4911642
4911652
4911663
4911673
4911683
4911693
4911703
4911713
4911723
4911733
4911743
4911753
4911763
4911773
4911784
4911794
4911804
4911814
4911824
4911834
4911844
4911854
4911864
4911874
4911884
4911894
4911905
4911915
4911925
4911935
4911945
4911955
4911965
4911975
4911985
4911995
4912005
4912015
4912026
4912036
4912046
4912056
4912066
4912076
4912086
4912096
4912106
4912116
4912126
4912136
4912147
4912157
4912167
4912177
4912187
4912197
4912207
4912217
4912227
4912237
4912247
4912257
4912268
4912278
4912288
4912298
4912308
4912318
4912328
4912338
4912348
4912358
4912368
4912378
4912389
4912399
4912409
4912419
4912429
4912439
4912449
4912459
4912469
4912479
4912489
4912499
4912510
4912520
4912530
4912540
4912550
4912560
4912570
4912580
4912590
4912600
4912610
4912620
4912631
4912641
4912651
4912661
4912671
4912681
4912691
4912701
4912711
4912721
4912731
4912741
4912752
4912762
4912772
4912782
4912792
4912802
4912812
4912822
4912832
4912842
4912852
4912862
4912873
4912883
4912893
4912903
4912913
4912923
4912933
4912943
4912953
4912963
4912973
4912983
4912994
4913004
4913014
4913024
4913034
4913044
4913054
4913064
4913074
4913084
4913094
4913104
4913115
4913125
4913135
4913145
4913155
4913165
4913175
4913185
4913195
4913205
4913215
4913225
4913236
4913246
4913256
4913266
4913276
4913286
4913296
4913306
4913316
4913326
4913336
4913346
4913357
4913367
4913377
4913387
4913397
4913407
4913417
4913427
4913437
4913447
4913457
4913467
4913478
4913488
4913498
4913508
4913518
4913528
4913538
4913548
4913558
4913568
4913578
4913589
4913599
4913609
4913619
4913629
4913639
4913649
4913659
4913669
4913679
4913689
4913699
4913710
4913720
4913730
4913740
4913750
4913760
4913770
4913780
4913790
4913800
4913810
4913820
4913830
4913841
4913851
4913861
4913871
4913881
4913891
4913901
4913911
4913921
4913931
4913941
4913951
4913962
4913972
4913982
4913992
4914002
4914012
4914022
4914032
4914042
4914052
4914062
4914072
4914083
4914093
4914103
4914113
4914123
4914133
4914143
4914153
4914163
4914173
4914183
4914193
4914204
4914214
4914224
4914234
4914244
4914254
4914264
4914274
4914284
4914294
4914304
4914315
4914325
4914335
4914345
4914355
4914365
4914375
4914385
4914395
4914405
4914415
4914425
4914436
4914446
4914456
4914466
4914476
4914486
4914496
4914506
4914516
4914526
4914536
4914546
4914557
4914567
4914577
4914587
4914597
4914607
4914617
4914627
4914637
4914647
4914657
4914667
4914678
4914688
4914698
4914708
4914718
4914728
4914738
4914748
4914758
4914768
4914778
4914788
4914799
4914809
4914819
4914829
4914839
4914849
4914859
4914869
4914879
4914889
4914899
4914909
4914920
4914930
4914940
4914950
4914960
4914970
4914980
4914990
4915000
4915010
4915020
4915030
4915041
4915051
4915061
4915071
4915081
4915091
4915101
4915111
4915121
4915131
4915141
4915151
4915162
4915172
4915182
4915192
4915202
4915212
4915222
4915232
4915242
4915252
4915262
4915272
4915283
4915293
4915303
4915313
4915323
4915333
4915343
4915353
4915363
4915373
4915383
4915393
4915404
4915414
4915424
4915434
4915444
4915454
4915464
4915474
4915484
4915494
4915504
4915514
4915525
4915535
4915545
4915555
4915565
4915575
4915585
4915595
4915605
4915615
4915625
4915635
4915646
4915656
4915666
4915676
4915686
4915696
4915706
4915716
4915726
4915736
4915746
4915756
4915767
4915777
4915787
4915797
4915807
4915817
4915827
4915837
4915847
4915857
4915867
4915877
4915888
4915898
4915908
4915918
4915928
4915938
4915948
4915958
4915968
4915978
4915988
4915998
4916009
4916019
4916029
4916039
4916049
4916059
4916069
4916079
4916089
4916099
4916109
4916119
4916130
4916140
4916150
4916160
4916170
4916180
4916190
4916200
4916210
4916220
4916230
4916240
4916250
4916261
4916271
4916281
4916291
4916301
4916311
4916321
4916331
4916341
4916351
4916361
4916371
4916382
4916392
4916402
4916412
4916422
4916432
4916442
4916452
4916462
4916472
4916482
4916492
4916503
4916513
4916523
4916533
4916543
4916553
4916563
4916573
4916583
4916593
4916603
4916613
4916624
4916634
4916644
4916654
4916664
4916674
4916684
4916694
4916704
4916714
4916724
4916734
4916745
4916755
4916765
4916775
4916785
4916795
4916805
4916815
4916825
4916835
4916845
4916855
4916866
4916876
4916886
4916896
4916906
4916916
4916926
4916936
4916946
4916956
4916966
4916976
4916987
4916997
4917007
4917017
4917027
4917037
4917047
4917057
4917067
4917077
4917087
4917097
4917107
4917118
4917128
4917138
4917148
4917158
4917168
4917178
4917188
4917198
4917208
4917218
4917228
4917239
4917249
4917259
4917269
4917279
4917289
4917299
4917309
4917319
4917329
4917339
4917349
4917360
4917370
4917380
4917390
4917400
4917410
4917420
4917430
4917440
4917450
4917460
4917470
4917481
4917491
4917501
4917511
4917521
4917531
4917541
4917551
4917561
4917571
4917581
4917591
4917602
4917612
4917622
4917632
4917642
4917652
4917662
4917672
4917682
4917692
4917702
4917712
4917723
4917733
4917743
4917753
4917763
4917773
4917783
4917793
4917803
4917813
4917823
4917833
4917844
4917854
4917864
4917874
4917884
4917894
4917904
4917914
4917924
4917934
4917944
4917954
4917964
4917975
4917985
4917995
4918005
4918015
4918025
4918035
4918045
4918055
4918065
4918075
4918085
4918096
4918106
4918116
4918126
4918136
4918146
4918156
4918166
4918176
4918186
4918196
4918206
4918217
4918227
4918237
4918247
4918257
4918267
4918277
4918287
4918297
4918307
4918317
4918327
4918338
4918348
4918358
4918368
4918378
4918388
4918398
4918408
4918418
4918428
4918438
4918448
4918459
4918469
4918479
4918489
4918499
4918509
4918519
4918529
4918539
4918549
4918559
4918569
4918579
4918590
4918600
4918610
4918620
4918630
4918640
4918650
4918660
4918670
4918680
4918690
4918700
4918711
4918721
4918731
4918741
4918751
4918761
4918771
4918781
4918791
4918801
4918811
4918821
4918832
4918842
4918852
4918862
4918872
4918882
4918892
4918902
4918912
4918922
4918932
4918942
4918953
4918963
4918973
4918983
4918993
4919003
4919013
4919023
4919033
4919043
4919053
4919063
4919073
4919084
4919094
4919104
4919114
4919124
4919134
4919144
4919154
4919164
4919174
4919184
4919194
4919205
4919215
4919225
4919235
4919245
4919255
4919265
4919275
4919285
4919295
4919305
4919315
4919326
4919336
4919346
4919356
4919366
4919376
4919386
4919396
4919406
4919416
4919426
4919436
4919447
4919457
4919467
4919477
4919487
4919497
4919507
4919517
4919527
4919537
4919547
4919557
4919568
4919578
4919588
4919598
4919608
4919618
4919628
4919638
4919648
4919658
4919668
4919678
4919689
4919699
4919709
4919719
4919729
4919739
4919749
4919759
4919769
4919779
4919789
4919799
4919809
4919820
4919830
4919840
4919850
4919860
4919870
4919880
4919890
4919900
4919910
4919920
4919930
4919941
4919951
4919961
4919971
4919981
4919991
4920001
4920011
4920021
4920031
4920041
4920051
4920062
4920072
4920082
4920092
4920102
4920112
4920122
4920132
4920142
4920152
4920162
4920172
4920183
4920193
4920203
4920213
4920223
4920233
4920243
4920253
4920263
4920273
4920283
4920293
4920304
4920314
4920324
4920334
4920344
4920354
4920364
4920374
4920384
4920394
4920404
4920414
4920424
4920435
4920445
4920455
4920465
4920475
4920485
4920495
4920505
4920515
4920525
4920535
4920545
4920556
4920566
4920576
4920586
4920596
4920606
4920616
4920626
4920636
4920646
4920656
4920666
4920677
4920687
4920697
4920707
4920717
4920727
4920737
4920747
4920757
4920767
4920777
4920787
4920798
4920808
4920818
4920828
4920838
4920848
4920858
4920868
4920878
4920888
4920898
4920908
4920919
4920929
4920939
4920949
4920959
4920969
4920979
4920989
4920999
4921009
4921019
4921029
4921040
4921050
4921060
4921070
4921080
4921090
4921100
4921110
4921120
4921130
4921140
4921150
4921160
4921171
4921181
4921191
4921201
4921211
4921221
4921231
4921241
4921251
4921261
4921271
4921281
4921292
4921302
4921312
4921322
4921332
4921342
4921352
4921362
4921372
4921382
4921392
4921402
4921413
4921423
4921433
4921443
4921453
4921463
4921473
4921483
4921493
4921503
4921513
4921523
4921534
4921544
4921554
4921564
4921574
4921584
4921594
4921604
4921614
4921624
4921634
4921644
4921655
4921665
4921675
4921685
4921695
4921705
4921715
4921725
4921735
4921745
4921755
4921765
4921776
4921786
4921796
4921806
4921816
4921826
4921836
4921846
4921856
4921866
4921876
4921886
4921897
4921907
4921917
4921927
4921937
4921947
4921957
4921967
4921977
4921987
4921997
4922007
4922018
4922028
4922038
4922048
4922058
4922068
4922078
4922088
4922098
4922108
4922118
4922128
4922139
4922149
4922159
4922169
4922179
4922189
4922199
4922209
4922219
4922229
4922239
4922249
4922260
4922270
4922280
4922290
4922300
4922310
4922320
4922330
4922340
4922350
4922360
4922370
4922381
4922391
4922401
4922411
4922421
4922431
4922441
4922451
4922461
4922471
4922481
4922491
4922501
4922512
4922522
4922532
4922542
4922552
4922562
4922572
4922582
4922592
4922602
4922612
4922622
4922633
4922643
4922653
4922663
4922673
4922683
4922693
4922703
4922713
4922723
4922733
4922743
4922754
4922764
4922774
4922784
4922794
4922804
4922814
4922824
4922834
4922844
4922854
4922864
4922875
4922885
4922895
4922905
4922915
4922925
4922935
4922945
4922955
4922965
4922975
4922985
4922995
4923006
4923016
4923026
4923036
4923046
4923056
4923066
4923076
4923086
4923096
4923106
4923116
4923127
4923137
4923147
4923157
4923167
4923177
4923187
4923197
4923207
4923217
4923227
4923237
4923248
4923258
4923268
4923278
4923288
4923298
4923308
4923318
4923328
4923338
4923348
4923359
4923369
4923379
4923389
4923399
4923409
4923419
4923429
4923439
4923449
4923459
4923469
4923479
4923490
4923500
4923510
4923520
4923530
4923540
4923550
4923560
4923570
4923580
4923590
4923600
4923611
4923621
4923631
4923641
4923651
4923661
4923671
4923681
4923691
4923701
4923711
4923721
4923732
4923742
4923752
4923762
4923772
4923782
4923792
4923802
4923812
4923822
4923832
4923842
4923853
4923863
4923873
4923883
4923893
4923903
4923913
4923923
4923933
4923943
4923953
4923963
4923974
4923984
4923994
4924004
4924014
4924024
4924034
4924044
4924054
4924064
4924074
4924084
4924095
4924105
4924115
4924125
4924135
4924145
4924155
4924165
4924175
4924185
4924195
4924205
4924215
4924226
4924236
4924246
4924256
4924266
4924276
4924286
4924296
4924306
4924316
4924326
4924336
4924347
4924357
4924367
4924377
4924387
4924397
4924407
4924417
4924427
4924437
4924447
4924457
4924468
4924478
4924488
4924498
4924508
4924518
4924528
4924538
4924548
4924558
4924568
4924578
4924589
4924599
4924609
4924619
4924629
4924639
4924649
4924659
4924669
4924679
4924689
4924699
4924710
4924720
4924730
4924740
4924750
4924760
4924770
4924780
4924790
4924800
4924810
4924820
4924831
4924841
4924851
4924861
4924871
4924881
4924891
4924901
4924911
4924921
4924931
4924941
4924952
4924962
4924972
4924982
4924992
4925002
4925012
4925022
4925032
4925042
4925052
4925062
4925073
4925083
4925093
4925103
4925113
4925123
4925133
4925143
4925153
4925163
4925173
4925183
4925194
4925204
4925214
4925224
4925234
4925244
4925254
4925264
4925274
4925284
4925294
4925304
4925315
4925325
4925335
4925345
4925355
4925365
4925375
4925385
4925395
4925405
4925415
4925425
4925436
4925446
4925456
4925466
4925476
4925486
4925496
4925506
4925516
4925526
4925536
4925546
4925557
4925567
4925577
4925587
4925597
4925607
4925617
4925627
4925637
4925647
4925657
4925667
4925678
4925688
4925698
4925708
4925718
4925728
4925738
4925748
4925758
4925768
4925778
4925788
4925799
4925809
4925819
4925829
4925839
4925849
4925859
4925869
4925879
4925889
4925899
4925909
4925920
4925930
4925940
4925950
4925960
4925970
4925980
4925990
4926000
4926010
4926020
4926030
4926041
4926051
4926061
4926071
4926081
4926091
4926101
4926111
4926121
4926131
4926141
4926151
4926162
4926172
4926182
4926192
4926202
4926212
4926222
4926232
4926242
4926252
4926262
4926272
4926283
4926293
4926303
4926313
4926323
4926333
4926343
4926353
4926363
4926373
4926383
4926393
4926404
4926414
4926424
4926434
4926444
4926454
4926464
4926474
4926484
4926494
4926504
4926514
4926525
4926535
4926545
4926555
4926565
4926575
4926585
4926595
4926605
4926615
4926625
4926635
4926646
4926656
4926666
4926676
4926686
4926696
4926706
4926716
4926726
4926736
4926746
4926756
4926767
4926777
4926787
4926797
4926807
4926817
4926827
4926837
4926847
4926857
4926867
4926877
4926888
4926898
4926908
4926918
4926928
4926938
4926948
4926958
4926968
4926978
4926988
4926998
4927009
4927019
4927029
4927039
4927049
4927059
4927069
4927079
4927089
4927099
4927109
4927119
4927130
4927140
4927150
4927160
4927170
4927180
4927190
4927200
4927210
4927220
4927230
4927240
4927251
4927261
4927271
4927281
4927291
4927301
4927311
4927321
4927331
4927341
4927351
4927361
4927372
4927382
4927392
4927402
4927412
4927422
4927432
4927442
4927452
4927462
4927472
4927482
4927492
4927503
4927513
4927523
4927533
4927543
4927553
4927563
4927573
4927583
4927593
4927603
4927613
4927624
4927634
4927644
4927654
4927664
4927674
4927684
4927694
4927704
4927714
4927724
4927734
4927745
4927755
4927765
4927775
4927785
4927795
4927805
4927815
4927825
4927835
4927845
4927855
4927866
4927876
4927886
4927896
4927906
4927916
4927926
4927936
4927946
4927956
4927966
4927977
4927987
4927997
4928007
4928017
4928027
4928037
4928047
4928057
4928067
4928077
4928087
4928098
4928108
4928118
4928128
4928138
4928148
4928158
4928168
4928178
4928188
4928198
4928208
4928218
4928229
4928239
4928249
4928259
4928269
4928279
4928289
4928299
4928309
4928319
4928329
4928339
4928350
4928360
4928370
4928380
4928390
4928400
4928410
4928420
4928430
4928440
4928450
4928460
4928471
4928481
4928491
4928501
4928511
4928521
4928531
4928541
4928551
4928561
4928571
4928581
4928592
4928602
4928612
4928622
4928632
4928642
4928652
4928662
4928672
4928682
4928692
4928702
4928713
4928723
4928733
4928743
4928753
4928763
4928773
4928783
4928793
4928803
4928813
4928823
4928834
4928844
4928854
4928864
4928874
4928884
4928894
4928904
4928914
4928924
4928934
4928944
4928955
4928965
4928975
4928985
4928995
4929005
4929015
4929025
4929035
4929045
4929055
4929065
4929075
4929086
4929096
4929106
4929116
4929126
4929136
4929146
4929156
4929166
4929176
4929186
4929196
4929207
4929217
4929227
4929237
4929247
4929257
4929267
4929277
4929287
4929297
4929307
4929317
4929328
4929338
4929348
4929358
4929368
4929378
4929388
4929398
4929408
4929418
4929428
4929438
4929449
4929459
4929469
4929479
4929489
4929499
4929509
4929519
4929529
4929539
4929549
4929559
4929570
4929580
4929590
4929600
4929610
4929620
4929630
4929640
4929650
4929660
4929670
4929680
4929691
4929701
4929711
4929721
4929731
4929741
4929751
4929761
4929771
4929781
4929791
4929801
4929812
4929822
4929832
4929842
4929852
4929862
4929872
4929882
4929892
4929902
4929912
4929922
4929933
4929943
4929953
4929963
4929973
4929983
4929993
4930003
4930013
4930023
4930033
4930043
4930054
4930064
4930074
4930084
4930094
4930104
4930114
4930124
4930134
4930144
4930154
4930164
4930175
4930185
4930195
4930205
4930215
4930225
4930235
4930245
4930255
4930265
4930275
4930285
4930295
4930306
4930316
4930326
4930336
4930346
4930356
4930366
4930376
4930386
4930396
4930406
4930416
4930427
4930437
4930447
4930457
4930467
4930477
4930487
4930497
4930507
4930517
4930527
4930537
4930548
4930558
4930568
4930578
4930588
4930598
4930608
4930618
4930628
4930638
4930648
4930658
4930669
4930679
4930689
4930699
4930709
4930719
4930729
4930739
4930749
4930759
4930769
4930779
4930790
4930800
4930810
4930820
4930830
4930840
4930850
4930860
4930870
4930880
4930890
4930901
4930911
4930921
4930931
4930941
4930951
4930961
4930971
4930981
4930991
4931001
4931011
4931022
4931032
4931042
4931052
4931062
4931072
4931082
4931092
4931102
4931112
4931122
4931132
4931143
4931153
4931163
4931173
4931183
4931193
4931203
4931213
4931223
4931233
4931243
4931253
4931264
4931274
4931284
4931294
4931304
4931314
4931324
4931334
4931344
4931354
4931364
4931374
4931385
4931395
4931405
4931415
4931425
4931435
4931445
4931455
4931465
4931475
4931485
4931495
4931506
4931516
4931526
4931536
4931546
4931556
4931566
4931576
4931586
4931596
4931606
4931616
4931627
4931637
4931647
4931657
4931667
4931677
4931687
4931697
4931707
4931717
4931727
4931738
4931748
4931758
4931768
4931778
4931788
4931798
4931808
4931818
4931828
4931838
4931848
4931859
4931869
4931879
4931889
4931899
4931909
4931919
4931929
4931939
4931949
4931959
4931969
4931980
4931990
4932000
4932010
4932020
4932030
4932040
4932050
4932060
4932070
4932080
4932090
4932101
4932111
4932121
4932131
4932141
4932151
4932161
4932171
4932181
4932191
4932201
4932211
4932222
4932232
4932242
4932252
4932262
4932272
4932282
4932292
4932302
4932312
4932322
4932332
4932343
4932353
4932363
4932373
4932383
4932393
4932403
4932413
4932423
4932433
4932443
4932453
4932464
4932474
4932484
4932494
4932504
4932514
4932524
4932534
4932544
4932554
4932564
4932574
4932585
4932595
4932605
4932615
4932625
4932635
4932645
4932655
4932665
4932675
4932685
4932695
4932706
4932716
4932726
4932736
4932746
4932756
4932766
4932776
4932786
4932796
4932806
4932816
4932827
4932837
4932847
4932857
4932867
4932877
4932887
4932897
4932907
4932917
4932927
4932937
4932948
4932958
4932968
4932978
4932988
4932998
4933008
4933018
4933028
4933038
4933048
4933058
4933069
4933079
4933089
4933099
4933109
4933119
4933129
4933139
4933149
4933159
4933169
4933179
4933190
4933200
4933210
4933220
4933230
4933240
4933250
4933260
4933270
4933280
4933290
4933300
4933311
4933321
4933331
4933341
4933351
4933361
4933371
4933381
4933391
4933401
4933411
4933421
4933432
4933442
4933452
4933462
4933472
4933482
4933492
4933502
4933512
4933522
4933532
4933542
4933553
4933563
4933573
4933583
4933593
4933603
4933613
4933623
4933633
4933643
4933653
4933663
4933674
4933684
4933694
4933704
4933714
4933724
4933734
4933744
4933754
4933764
4933774
4933784
4933795
4933805
4933815
4933825
4933835
4933845
4933855
4933865
4933875
4933885
4933895
4933905
4933916
4933926
4933936
4933946
4933956
4933966
4933976
4933986
4933996
4934006
4934016
4934026
4934037
4934047
4934057
4934067
4934077
4934087
4934097
4934107
4934117
4934127
4934137
4934148
4934158
4934168
4934178
4934188
4934198
4934208
4934218
4934228
4934238
4934248
4934258
4934268
4934279
4934289
4934299
4934309
4934319
4934329
4934339
4934349
4934359
4934369
4934379
4934389
4934400
4934410
4934420
4934430
4934440
4934450
4934460
4934470
4934480
4934490
4934500
4934510
4934521
4934531
4934541
4934551
4934561
4934571
4934581
4934591
4934601
4934611
4934621
4934631
4934642
4934652
4934662
4934672
4934682
4934692
4934702
4934712
4934722
4934732
4934742
4934752
4934763
4934773
4934783
4934793
4934803
4934813
4934823
4934833
4934843
4934853
4934863
4934873
4934884
4934894
4934904
4934914
4934924
4934934
4934944
4934954
4934964
4934974
4934984
4934994
4935005
4935015
4935025
4935035
4935045
4935055
4935065
4935075
4935085
4935095
4935105
4935115
4935126
4935136
4935146
4935156
4935166
4935176
4935186
4935196
4935206
4935216
4935226
4935236
4935247
4935257
4935267
4935277
4935287
4935297
4935307
4935317
4935327
4935337
4935347
4935357
4935367
4935378
4935388
4935398
4935408
4935418
4935428
4935438
4935448
4935458
4935468
4935478
4935488
4935499
4935509
4935519
4935529
4935539
4935549
4935559
4935569
4935579
4935589
4935599
4935609
4935620
4935630
4935640
4935650
4935660
4935670
4935680
4935690
4935700
4935710
4935720
4935730
4935741
4935751
4935761
4935771
4935781
4935791
4935801
4935811
4935821
4935831
4935841
4935851
4935862
4935872
4935882
4935892
4935902
4935912
4935922
4935932
4935942
4935952
4935962
4935972
4935983
4935993
4936003
4936013
4936023
4936033
4936043
4936053
4936063
4936073
4936083
4936093
4936104
4936114
4936124
4936134
4936144
4936154
4936164
4936174
4936184
4936194
4936204
4936214
4936224
4936235
4936245
4936255
4936265
4936275
4936285
4936295
4936305
4936315
4936325
4936335
4936345
4936356
4936366
4936376
4936386
4936396
4936406
4936416
4936426
4936436
4936446
4936456
4936466
4936476
4936487
4936497
4936507
4936517
4936527
4936537
4936547
4936557
4936567
4936577
4936587
4936597
4936608
4936618
4936628
4936638
4936648
4936658
4936668
4936678
4936688
4936698
4936708
4936718
4936729
4936739
4936749
4936759
4936769
4936779
4936789
4936799
4936809
4936819
4936829
4936839
4936850
4936860
4936870
4936880
4936890
4936900
4936910
4936920
4936930
4936940
4936950
4936960
4936970
4936981
4936991
4937001
4937011
4937021
4937031
4937041
4937051
4937061
4937071
4937081
4937091
4937102
4937112
4937122
4937132
4937142
4937152
4937162
4937172
4937182
4937192
4937202
4937212
4937222
4937233
4937243
4937253
4937263
4937273
4937283
4937293
4937303
4937313
4937323
4937333
4937343
4937354
4937364
4937374
4937384
4937394
4937404
4937414
4937424
4937434
4937444
4937454
4937464
4937475
4937485
4937495
4937505
4937515
4937525
4937535
4937545
4937555
4937565
4937575
4937585
4937596
4937606
4937616
4937626
4937636
4937646
4937656
4937666
4937676
4937686
4937696
4937706
4937717
4937727
4937737
4937747
4937757
4937767
4937777
4937787
4937797
4937807
4937817
4937827
4937837
4937848
4937858
4937868
4937878
4937888
4937898
4937908
4937918
4937928
4937938
4937948
4937958
4937969
4937979
4937989
4937999
4938009
4938019
4938029
4938039
4938049
4938059
4938069
4938079
4938090
4938100
4938110
4938120
4938130
4938140
4938150
4938160
4938170
4938180
4938190
4938200
4938211
4938221
4938231
4938241
4938251
4938261
4938271
4938281
4938291
4938301
4938311
4938321
4938332
4938342
4938352
4938362
4938372
4938382
4938392
4938402
4938412
4938422
4938432
4938442
4938453
4938463
4938473
4938483
4938493
4938503
4938513
4938523
4938533
4938543
4938553
4938563
4938574
4938584
4938594
4938604
4938614
4938624
4938634
4938644
4938654
4938664
4938674
4938684
4938695
4938705
4938715
4938725
4938735
4938745
4938755
4938765
4938775
4938785
4938795
4938805
4938816
4938826
4938836
4938846
4938856
4938866
4938876
4938886
4938896
4938906
4938916
4938926
4938937
4938947
4938957
4938967
4938977
4938987
4938997
4939007
4939017
4939027
4939037
4939047
4939058
4939068
4939078
4939088
4939098
4939108
4939118
4939128
4939138
4939148
4939158
4939168
4939179
4939189
4939199
4939209
4939219
4939229
4939239
4939249
4939259
4939269
4939279
4939289
4939300
4939310
4939320
4939330
4939340
4939350
4939360
4939370
4939380
4939390
4939400
4939411
4939421
4939431
4939441
4939451
4939461
4939471
4939481
4939491
4939501
4939511
4939521
4939532
4939542
4939552
4939562
4939572
4939582
4939592
4939602
4939612
4939622
4939632
4939642
4939653
4939663
4939673
4939683
4939693
4939703
4939713
4939723
4939733
4939743
4939753
4939763
4939774
4939784
4939794
4939804
4939814
4939824
4939834
4939844
4939854
4939864
4939874
4939884
4939895
4939905
4939915
4939925
4939935
4939945
4939955
4939965
4939975
4939985
4939995
4940005
4940016
4940026
4940036
4940046
4940056
4940066
4940076
4940086
4940096
4940106
4940116
4940126
4940137
4940147
4940157
4940167
4940177
4940187
4940197
4940207
4940217
4940227
4940237
4940247
4940258
4940268
4940278
4940288
4940298
4940308
4940318
4940328
4940338
4940348
4940358
4940368
4940379
4940389
4940399
4940409
4940419
4940429
4940439
4940449
4940459
4940469
4940479
4940489
4940500
4940510
4940520
4940530
4940540
4940550
4940560
4940570
4940580
4940590
4940600
4940610
4940621
4940631
4940641
4940651
4940661
4940671
4940681
4940691
4940701
4940711
4940721
4940731
4940742
4940752
4940762
4940772
4940782
4940792
4940802
4940812
4940822
4940832
4940842
4940852
4940863
4940873
4940883
4940893
4940903
4940913
4940923
4940933
4940943
4940953
4940963
4940973
4940984
4940994
4941004
4941014
4941024
4941034
4941044
4941054
4941064
4941074
4941084
4941094
4941105
4941115
4941125
4941135
4941145
4941155
4941165
4941175
4941185
4941195
4941205
4941215
4941226
4941236
4941246
4941256
4941266
4941276
4941286
4941296
4941306
4941316
4941326
4941336
4941346
4941357
4941367
4941377
4941387
4941397
4941407
4941417
4941427
4941437
4941447
4941457
4941467
4941478
4941488
4941498
4941508
4941518
4941528
4941538
4941548
4941558
4941568
4941578
4941588
4941599
4941609
4941619
4941629
4941639
4941649
4941659
4941669
4941679
4941689
4941699
4941709
4941720
4941730
4941740
4941750
4941760
4941770
4941780
4941790
4941800
4941810
4941820
4941830
4941841
4941851
4941861
4941871
4941881
4941891
4941901
4941911
4941921
4941931
4941941
4941951
4941962
4941972
4941982
4941992
4942002
4942012
4942022
4942032
4942042
4942052
4942062
4942072
4942083
4942093
4942103
4942113
4942123
4942133
4942143
4942153
4942163
4942173
4942183
4942193
4942204
4942214
4942224
4942234
4942244
4942254
4942264
4942274
4942284
4942294
4942304
4942315
4942325
4942335
4942345
4942355
4942365
4942375
4942385
4942395
4942405
4942415
4942425
4942436
4942446
4942456
4942466
4942476
4942486
4942496
4942506
4942516
4942526
4942536
4942546
4942557
4942567
4942577
4942587
4942597
4942607
4942617
4942627
4942637
4942647
4942657
4942667
4942678
4942688
4942698
4942708
4942718
4942728
4942738
4942748
4942758
4942768
4942778
4942788
4942799
4942809
4942819
4942829
4942839
4942849
4942859
4942869
4942879
4942889
4942899
4942909
4942920
4942930
4942940
4942950
4942960
4942970
4942980
4942990
4943000
4943010
4943020
4943030
4943041
4943051
4943061
4943071
4943081
4943091
4943101
4943111
4943121
4943131
4943141
4943151
4943162
4943172
4943182
4943192
4943202
4943212
4943222
4943232
4943242
4943252
4943262
4943272
4943283
4943293
4943303
4943313
4943323
4943333
4943343
4943353
4943363
4943373
4943383
4943393
4943404
4943414
4943424
4943434
4943444
4943454
4943464
4943474
4943484
4943494
4943504
4943515
4943525
4943535
4943545
4943555
4943565
4943575
4943585
4943595
4943605
4943615
4943625
4943636
4943646
4943656
4943666
4943676
4943686
4943696
4943706
4943716
4943726
4943736
4943746
4943757
4943767
4943777
4943787
4943797
4943807
4943817
4943827
4943837
4943847
4943857
4943867
4943878
4943888
4943898
4943908
4943918
4943928
4943938
4943948
4943958
4943968
4943978
4943988
4943999
4944009
4944019
4944029
4944039
4944049
4944059
4944069
4944079
4944089
4944099
4944109
4944120
4944130
4944140
4944150
4944160
4944170
4944180
4944190
4944200
4944210
4944220
4944231
4944241
4944251
4944261
4944271
4944281
4944291
4944301
4944311
4944321
4944331
4944341
4944352
4944362
4944372
4944382
4944392
4944402
4944412
4944422
4944432
4944442
4944452
4944462
4944473
4944483
4944493
4944503
4944513
4944523
4944533
4944543
4944553
4944563
4944573
4944583
4944594
4944604
4944614
4944624
4944634
4944644
4944654
4944664
4944674
4944684
4944694
4944704
4944715
4944725
4944735
4944745
4944755
4944765
4944775
4944785
4944795
4944805
4944815
4944825
4944836
4944846
4944856
4944866
4944876
4944886
4944896
4944906
4944916
4944926
4944936
4944946
4944957
4944967
4944977
4944987
4944997
4945007
4945017
4945027
4945037
4945047
4945057
4945067
4945078
4945088
4945098
4945108
4945118
4945128
4945138
4945148
4945158
4945168
4945178
4945188
4945199
4945209
4945219
4945229
4945239
4945249
4945259
4945269
4945279
4945289
4945299
4945309
4945320
4945330
4945340
4945350
4945360
4945370
4945380
4945390
4945400
4945410
4945420
4945430
4945441
4945451
4945461
4945471
4945481
4945491
4945501
4945511
4945521
4945531
4945541
4945551
4945562
4945572
4945582
4945592
4945602
4945612
4945622
4945632
4945642
4945652
4945662
4945672
4945683
4945693
4945703
4945713
4945723
4945733
4945743
4945753
4945763
4945773
4945783
4945793
4945804
4945814
4945824
4945834
4945844
4945854
4945864
4945874
4945884
4945894
4945904
4945914
4945925
4945935
4945945
4945955
4945965
4945975
4945985
4945995
4946005
4946015
4946025
4946035
4946046
4946056
4946066
4946076
4946086
4946096
4946106
4946116
4946126
4946136
4946146
4946156
4946167
4946177
4946187
4946197
4946207
4946217
4946227
4946237
4946247
4946257
4946267
4946278
4946288
4946298
4946308
4946318
4946328
4946338
4946348
4946358
4946368
4946378
4946388
4946399
4946409
4946419
4946429
4946439
4946449
4946459
4946469
4946479
4946489
4946499
4946509
4946519
4946530
4946540
4946550
4946560
4946570
4946580
4946590
4946600
4946610
4946620
4946630
4946640
4946651
4946661
4946671
4946681
4946691
4946701
4946711
4946721
4946731
4946741
4946751
4946761
4946772
4946782
4946792
4946802
4946812
4946822
4946832
4946842
4946852
4946862
4946872
4946882
4946893
4946903
4946913
4946923
4946933
4946943
4946953
4946963
4946973
4946983
4946993
4947003
4947014
4947024
4947034
4947044
4947054
4947064
4947074
4947084
4947094
4947104
4947114
4947124
4947135
4947145
4947155
4947165
4947175
4947185
4947195
4947205
4947215
4947225
4947235
4947245
4947256
4947266
4947276
4947286
4947296
4947306
4947316
4947326
4947336
4947346
4947356
4947367
4947377
4947387
4947397
4947407
4947417
4947427
4947437
4947447
4947457
4947467
4947477
4947488
4947498
4947508
4947518
4947528
4947538
4947548
4947558
4947568
4947578
4947588
4947598
4947609
4947619
4947629
4947639
4947649
4947659
4947669
4947679
4947689
4947699
4947709
4947719
4947730
4947740
4947750
4947760
4947770
4947780
4947790
4947800
4947810
4947820
4947830
4947840
4947851
4947861
4947871
4947881
4947891
4947901
4947911
4947921
4947931
4947941
4947951
4947961
4947972
4947982
4947992
4948002
4948012
4948022
4948032
4948042
4948052
4948062
4948072
4948082
4948093
4948103
4948113
4948123
4948133
4948143
4948153
4948163
4948173
4948183
4948193
4948203
4948214
4948224
4948234
4948244
4948254
4948264
4948274
4948284
4948294
4948304
4948314
4948324
4948335
4948345
4948355
4948365
4948375
4948385
4948395
4948405
4948415
4948425
4948435
4948445
4948456
4948466
4948476
4948486
4948496
4948506
4948516
4948526
4948536
4948546
4948556
4948566
4948577
4948587
4948597
4948607
4948617
4948627
4948637
4948647
4948657
4948667
4948677
4948687
4948698
4948708
4948718
4948728
4948738
4948748
4948758
4948768
4948778
4948788
4948798
4948808
4948819
4948829
4948839
4948849
4948859
4948869
4948879
4948889
4948899
4948909
4948919
4948929
4948939
4948950
4948960
4948970
4948980
4948990
4949000
4949010
4949020
4949030
4949040
4949050
4949060
4949071
4949081
4949091
4949101
4949111
4949121
4949131
4949141
4949151
4949161
4949171
4949181
4949192
4949202
4949212
4949222
4949232
4949242
4949252
4949262
4949272
4949282
4949292
4949302
4949313
4949323
4949333
4949343
4949353
4949363
4949373
4949383
4949393
4949403
4949413
4949423
4949434
4949444
4949454
4949464
4949474
4949484
4949494
4949504
4949514
4949524
4949534
4949544
4949554
4949565
4949575
4949585
4949595
4949605
4949615
4949625
4949635
4949645
4949655
4949665
4949675
4949686
4949696
4949706
4949716
4949726
4949736
4949746
4949756
4949766
4949776
4949786
4949796
4949807
4949817
4949827
4949837
4949847
4949857
4949867
4949877
4949887
4949897
4949907
4949917
4949928
4949938
4949948
4949958
4949968
4949978
4949988
4949998
4950008
4950018
4950028
4950038
4950049
4950059
4950069
4950079
4950089
4950099
4950109
4950119
4950129
4950139
4950149
4950159
4950170
4950180
4950190
4950200
4950210
4950220
4950230
4950240
4950250
4950260
4950270
4950280
4950291
4950301
4950311
4950321
4950331
4950341
4950351
4950361
4950371
4950381
4950391
4950401
4950412
4950422
4950432
4950442
4950452
4950462
4950472
4950482
4950492
4950502
4950512
4950522
4950533
4950543
4950553
4950563
4950573
4950583
4950593
4950603
4950613
4950623
4950633
4950643
4950653
4950664
4950674
4950684
4950694
4950704
4950714
4950724
4950734
4950744
4950754
4950764
4950774
4950785
4950795
4950805
4950815
4950825
4950835
4950845
4950855
4950865
4950875
4950885
4950895
4950906
4950916
4950926
4950936
4950946
4950956
4950966
4950976
4950986
4950996
4951006
4951016
4951027
4951037
4951047
4951057
4951067
4951077
4951087
4951097
4951107
4951117
4951127
4951137
4951148
4951158
4951168
4951178
4951188
4951198
4951208
4951218
4951228
4951238
4951248
4951258
4951269
4951279
4951289
4951299
4951309
4951319
4951329
4951339
4951349
4951359
4951369
4951379
4951390
4951400
4951410
4951420
4951430
4951440
4951450
4951460
4951470
4951480
4951490
4951500
4951511
4951521
4951531
4951541
4951551
4951561
4951571
4951581
4951591
4951601
4951611
4951621
4951632
4951642
4951652
4951662
4951672
4951682
4951692
4951702
4951712
4951722
4951732
4951742
4951753
4951763
4951773
4951783
4951793
4951803
4951813
4951823
4951833
4951843
4951853
4951863
4951874
4951884
4951894
4951904
4951914
4951924
4951934
4951944
4951954
4951964
4951974
4951984
4951995
4952005
4952015
4952025
4952035
4952045
4952055
4952065
4952075
4952085
4952095
4952105
4952116
4952126
4952136
4952146
4952156
4952166
4952176
4952186
4952196
4952206
4952216
4952226
4952237
4952247
4952257
4952267
4952277
4952287
4952297
4952307
4952317
4952327
4952337
4952347
4952358
4952368
4952378
4952388
4952398
4952408
4952418
4952428
4952438
4952448
4952458
4952468
4952479
4952489
4952499
4952509
4952519
4952529
4952539
4952549
4952559
4952569
4952579
4952589
4952599
4952610
4952620
4952630
4952640
4952650
4952660
4952670
4952680
4952690
4952700
4952710
4952720
4952731
4952741
4952751
4952761
4952771
4952781
4952791
4952801
4952811
4952821
4952831
4952841
4952852
4952862
4952872
4952882
4952892
4952902
4952912
4952922
4952932
4952942
4952952
4952962
4952973
4952983
4952993
4953003
4953013
4953023
4953033
4953043
4953053
4953063
4953073
4953083
4953094
4953104
4953114
4953124
4953134
4953144
4953154
4953164
4953174
4953184
4953194
4953204
4953215
4953225
4953235
4953245
4953255
4953265
4953275
4953285
4953295
4953305
4953315
4953325
4953336
4953346
4953356
4953366
4953376
4953386
4953396
4953406
4953416
4953426
4953436
4953446
4953457
4953467
4953477
4953487
4953497
4953507
4953517
4953527
4953537
4953547
4953557
4953567
4953578
4953588
4953598
4953608
4953618
4953628
4953638
4953648
4953658
4953668
4953678
4953688
4953699
4953709
4953719
4953729
4953739
4953749
4953759
4953769
4953779
4953789
4953799
4953809
4953820
4953830
4953840
4953850
4953860
4953870
4953880
4953890
4953900
4953910
4953920
4953930
4953941
4953951
4953961
4953971
4953981
4953991
4954001
4954011
4954021
4954031
4954041
4954052
4954062
4954072
4954082
4954092
4954102
4954112
4954122
4954132
4954142
4954152
4954162
4954173
4954183
4954193
4954203
4954213
4954223
4954233
4954243
4954253
4954263
4954273
4954283
4954293
4954304
4954314
4954324
4954334
4954344
4954354
4954364
4954374
4954384
4954394
4954404
4954414
4954425
4954435
4954445
4954455
4954465
4954475
4954485
4954495
4954505
4954515
4954525
4954535
4954546
4954556
4954566
4954576
4954586
4954596
4954606
4954616
4954626
4954636
4954646
4954656
4954667
4954677
4954687
4954697
4954707
4954717
4954727
4954737
4954747
4954757
4954767
4954777
4954788
4954798
4954808
4954818
4954828
4954838
4954848
4954858
4954868
4954878
4954888
4954898
4954909
4954919
4954929
4954939
4954949
4954959
4954969
4954979
4954989
4954999
4955009
4955019
4955030
4955040
4955050
4955060
4955070
4955080
4955090
4955100
4955110
4955120
4955130
4955140
4955151
4955161
4955171
4955181
4955191
4955201
4955211
4955221
4955231
4955241
4955251
4955262
4955272
4955282
4955292
4955302
4955312
4955322
4955332
4955342
4955352
4955362
4955372
4955383
4955393
4955403
4955413
4955423
4955433
4955443
4955453
4955463
4955473
4955483
4955493
4955503
4955514
4955524
4955534
4955544
4955554
4955564
4955574
4955584
4955594
4955604
4955614
4955625
4955635
4955645
4955655
4955665
4955675
4955685
4955695
4955705
4955715
4955725
4955735
4955746
4955756
4955766
4955776
4955786
4955796
4955806
4955816
4955826
4955836
4955846
4955856
4955867
4955877
4955887
4955897
4955907
4955917
4955927
4955937
4955947
4955957
4955967
4955977
4955988
4955998
4956008
4956018
4956028
4956038
4956048
4956058
4956068
4956078
4956088
4956098
4956109
4956119
4956129
4956139
4956149
4956159
4956169
4956179
4956189
4956199
4956209
4956219
4956230
4956240
4956250
4956260
4956270
4956280
4956290
4956300
4956310
4956320
4956330
4956340
4956351
4956361
4956371
4956381
4956391
4956401
4956411
4956421
4956431
4956441
4956451
4956462
4956472
4956482
4956492
4956502
4956512
4956522
4956532
4956542
4956552
4956562
4956572
4956583
4956593
4956603
4956613
4956623
4956633
4956643
4956653
4956663
4956673
4956683
4956693
4956704
4956714
4956724
4956734
4956744
4956754
4956764
4956774
4956784
4956794
4956804
4956814
4956825
4956835
4956845
4956855
4956865
4956875
4956885
4956895
4956905
4956915
4956925
4956935
4956946
4956956
4956966
4956976
4956986
4956996
4957006
4957016
4957026
4957036
4957046
4957057
4957067
4957077
4957087
4957097
4957107
4957117
4957127
4957137
4957147
4957157
4957167
4957178
4957188
4957198
4957208
4957218
4957228
4957238
4957248
4957258
4957268
4957278
4957288
4957299
4957309
4957319
4957329
4957339
4957349
4957359
4957369
4957379
4957389
4957399
4957409
4957420
4957430
4957440
4957450
4957460
4957470
4957480
4957490
4957500
4957510
4957520
4957530
4957541
4957551
4957561
4957571
4957581
4957591
4957601
4957611
4957621
4957631
4957641
4957651
4957662
4957672
4957682
4957692
4957702
4957712
4957722
4957732
4957742
4957752
4957762
4957772
4957783
4957793
4957803
4957813
4957823
4957833
4957843
4957853
4957863
4957873
4957883
4957894
4957904
4957914
4957924
4957934
4957944
4957954
4957964
4957974
4957984
4957994
4958004
4958015
4958025
4958035
4958045
4958055
4958065
4958075
4958085
4958095
4958105
4958115
4958125
4958136
4958146
4958156
4958166
4958176
4958186
4958196
4958206
4958216
4958226
4958236
4958246
4958256
4958267
4958277
4958287
4958297
4958307
4958317
4958327
4958337
4958347
4958357
4958367
4958377
4958388
4958398
4958408
4958418
4958428
4958438
4958448
4958458
4958468
4958478
4958488
4958498
4958509
4958519
4958529
4958539
4958549
4958559
4958569
4958579
4958589
4958599
4958609
4958619
4958630
4958640
4958650
4958660
4958670
4958680
4958690
4958700
4958710
4958720
4958730
4958740
4958751
4958761
4958771
4958781
4958791
4958801
4958811
4958821
4958831
4958841
4958851
4958861
4958871
4958882
4958892
4958902
4958912
4958922
4958932
4958942
4958952
4958962
4958972
4958982
4958992
4959003
4959013
4959023
4959033
4959043
4959053
4959063
4959073
4959083
4959093
4959103
4959113
4959124
4959134
4959144
4959154
4959164
4959174
4959184
4959194
4959204
4959214
4959224
4959234
4959244
4959255
4959265
4959275
4959285
4959295
4959305
4959315
4959325
4959335
4959345
4959355
4959365
4959376
4959386
4959396
4959406
4959416
4959426
4959436
4959446
4959456
4959466
4959476
4959486
4959497
4959507
4959517
4959527
4959537
4959547
4959557
4959567
4959577
4959587
4959597
4959607
4959618
4959628
4959638
4959648
4959658
4959668
4959678
4959688
4959698
4959708
4959718
4959728
4959738
4959749
4959759
4959769
4959779
4959789
4959799
4959809
4959819
4959829
4959839
4959849
4959859
4959870
4959880
4959890
4959900
4959910
4959920
4959930
4959940
4959950
4959960
4959970
4959980
4959991
4960001
4960011
4960021
4960031
4960041
4960051
4960061
4960071
4960081
4960091
4960101
4960111
4960122
4960132
4960142
4960152
4960162
4960172
4960182
4960192
4960202
4960212
4960222
4960232
4960243
4960253
4960263
4960273
4960283
4960293
4960303
4960313
4960323
4960333
4960343
4960353
4960364
4960374
4960384
4960394
4960404
4960414
4960424
4960434
4960444
4960454
4960464
4960474
4960485
4960495
4960505
4960515
4960525
4960535
4960545
4960555
4960565
4960575
4960585
4960595
4960606
4960616
4960626
4960636
4960646
4960656
4960666
4960676
4960686
4960696
4960706
4960716
4960726
4960737
4960747
4960757
4960767
4960777
4960787
4960797
4960807
4960817
4960827
4960837
4960847
4960858
4960868
4960878
4960888
4960898
4960908
4960918
4960928
4960938
4960948
4960958
4960968
4960979
4960989
4960999
4961009
4961019
4961029
4961039
4961049
4961059
4961069
4961079
4961089
4961100
4961110
4961120
4961130
4961140
4961150
4961160
4961170
4961180
4961190
4961200
4961210
4961220
4961231
4961241
4961251
4961261
4961271
4961281
4961291
4961301
4961311
4961321
4961331
4961341
4961352
4961362
4961372
4961382
4961392
4961402
4961412
4961422
4961432
4961442
4961452
4961462
4961473
4961483
4961493
4961503
4961513
4961523
4961533
4961543
4961553
4961563
4961573
4961583
4961594
4961604
4961614
4961624
4961634
4961644
4961654
4961664
4961674
4961684
4961694
4961704
4961715
4961725
4961735
4961745
4961755
4961765
4961775
4961785
4961795
4961805
4961815
4961825
4961836
4961846
4961856
4961866
4961876
4961886
4961896
4961906
4961916
4961926
4961936
4961946
4961957
4961967
4961977
4961987
4961997
4962007
4962017
4962027
4962037
4962047
4962057
4962067
4962077
4962088
4962098
4962108
4962118
4962128
4962138
4962148
4962158
4962168
4962178
4962188
4962198
4962209
4962219
4962229
4962239
4962249
4962259
4962269
4962279
4962289
4962299
4962309
4962319
4962330
4962340
4962350
4962360
4962370
4962380
4962390
4962400
4962410
4962420
4962430
4962440
4962451
4962461
4962471
4962481
4962491
4962501
4962511
4962521
4962531
4962541
4962551
4962561
4962572
4962582
4962592
4962602
4962612
4962622
4962632
4962642
4962652
4962662
4962672
4962682
4962693
4962703
4962713
4962723
4962733
4962743
4962753
4962763
4962773
4962783
4962793
4962803
4962813
4962824
4962834
4962844
4962854
4962864
4962874
4962884
4962894
4962904
4962914
4962924
4962934
4962945
4962955
4962965
4962975
4962985
4962995
4963005
4963015
4963025
4963035
4963045
4963055
4963066
4963076
4963086
4963096
4963106
4963116
4963126
4963136
4963146
4963156
4963166
4963176
4963187
4963197
4963207
4963217
4963227
4963237
4963247
4963257
4963267
4963277
4963287
4963297
4963308
4963318
4963328
4963338
4963348
4963358
4963368
4963378
4963388
4963398
4963408
4963418
4963428
4963439
4963449
4963459
4963469
4963479
4963489
4963499
4963509
4963519
4963529
4963539
4963549
4963560
4963570
4963580
4963590
4963600
4963610
4963620
4963630
4963640
4963650
4963660
4963670
4963681
4963691
4963701
4963711
4963721
4963731
4963741
4963751
4963761
4963771
4963781
4963791
4963802
4963812
4963822
4963832
4963842
4963852
4963862
4963872
4963882
4963892
4963902
4963912
4963923
4963933
4963943
4963953
4963963
4963973
4963983
4963993
4964003
4964013
4964023
4964033
4964044
4964054
4964064
4964074
4964084
4964094
4964104
4964114
4964124
4964134
4964144
4964154
4964165
4964175
4964185
4964195
4964205
4964215
4964225
4964235
4964245
4964255
4964265
4964275
4964286
4964296
4964306
4964316
4964326
4964336
4964346
4964356
4964366
4964376
4964386
4964396
4964406
4964417
4964427
4964437
4964447
4964457
4964467
4964477
4964487
4964497
4964507
4964517
4964527
4964538
4964548
4964558
4964568
4964578
4964588
4964598
4964608
4964618
4964628
4964638
4964648
4964659
4964669
4964679
4964689
4964699
4964709
4964719
4964729
4964739
4964749
4964759
4964769
4964780
4964790
4964800
4964810
4964820
4964830
4964840
4964850
4964860
4964870
4964880
4964890
4964901
4964911
4964921
4964931
4964941
4964951
4964961
4964971
4964981
4964991
4965001
4965011
4965022
4965032
4965042
4965052
4965062
4965072
4965082
4965092
4965102
4965112
4965122
4965132
4965143
4965153
4965163
4965173
4965183
4965193
4965203
4965213
4965223
4965233
4965243
4965253
4965263
4965274
4965284
4965294
4965304
4965314
4965324
4965334
4965344
4965354
4965364
4965374
4965384
4965395
4965405
4965415
4965425
4965435
4965445
4965455
4965465
4965475
4965485
4965495
4965505
4965516
4965526
4965536
4965546
4965556
4965566
4965576
4965586
4965596
4965606
4965616
4965626
4965637
4965647
4965657
4965667
4965677
4965687
4965697
4965707
4965717
4965727
4965737
4965747
4965758
4965768
4965778
4965788
4965798
4965808
4965818
4965828
4965838
4965848
4965858
4965868
4965878
4965889
4965899
4965909
4965919
4965929
4965939
4965949
4965959
4965969
4965979
4965989
4965999
4966010
4966020
4966030
4966040
4966050
4966060
4966070
4966080
4966090
4966100
4966110
4966120
4966131
4966141
4966151
4966161
4966171
4966181
4966191
4966201
4966211
4966221
4966231
4966241
4966252
4966262
4966272
4966282
4966292
4966302
4966312
4966322
4966332
4966342
4966352
4966362
4966372
4966383
4966393
4966403
4966413
4966423
4966433
4966443
4966453
4966463
4966473
4966483
4966493
4966504
4966514
4966524
4966534
4966544
4966554
4966564
4966574
4966584
4966594
4966604
4966614
4966625
4966635
4966645
4966655
4966665
4966675
4966685
4966695
4966705
4966715
4966725
4966735
4966745
4966756
4966766
4966776
4966786
4966796
4966806
4966816
4966826
4966836
4966846
4966856
4966866
4966877
4966887
4966897
4966907
4966917
4966927
4966937
4966947
4966957
4966967
4966977
4966987
4966998
4967008
4967018
4967028
4967038
4967048
4967058
4967068
4967078
4967088
4967098
4967108
4967118
4967129
4967139
4967149
4967159
4967169
4967179
4967189
4967199
4967209
4967219
4967229
4967239
4967250
4967260
4967270
4967280
4967290
4967300
4967310
4967320
4967330
4967340
4967350
4967360
4967371
4967381
4967391
4967401
4967411
4967421
4967431
4967441
4967451
4967461
4967471
4967481
4967492
4967502
4967512
4967522
4967532
4967542
4967552
4967562
4967572
4967582
4967592
4967602
4967613
4967623
4967633
4967643
4967653
4967663
4967673
4967683
4967693
4967703
4967713
4967723
4967733
4967744
4967754
4967764
4967774
4967784
4967794
4967804
4967814
4967824
4967834
4967844
4967854
4967865
4967875
4967885
4967895
4967905
4967915
4967925
4967935
4967945
4967955
4967965
4967975
4967986
4967996
4968006
4968016
4968026
4968036
4968046
4968056
4968066
4968076
4968086
4968096
4968107
4968117
4968127
4968137
4968147
4968157
4968167
4968177
4968187
4968197
4968207
4968217
4968228
4968238
4968248
4968258
4968268
4968278
4968288
4968298
4968308
4968318
4968328
4968338
4968349
4968359
4968369
4968379
4968389
4968399
4968409
4968419
4968429
4968439
4968449
4968459
4968470
4968480
4968490
4968500
4968510
4968520
4968530
4968540
4968550
4968560
4968570
4968580
4968591
4968601
4968611
4968621
4968631
4968641
4968651
4968661
4968671
4968681
4968691
4968701
4968712
4968722
4968732
4968742
4968752
4968762
4968772
4968782
4968792
4968802
4968812
4968822
4968833
4968843
4968853
4968863
4968873
4968883
4968893
4968903
4968913
4968923
4968933
4968943
4968954
4968964
4968974
4968984
4968994
4969004
4969014
4969024
4969034
4969044
4969054
4969064
4969075
4969085
4969095
4969105
4969115
4969125
4969135
4969145
4969155
4969165
4969175
4969185
4969196
4969206
4969216
4969226
4969236
4969246
4969256
4969266
4969276
4969286
4969296
4969306
4969317
4969327
4969337
4969347
4969357
4969367
4969377
4969387
4969397
4969407
4969417
4969427
4969438
4969448
4969458
4969468
4969478
4969488
4969498
4969508
4969518
4969528
4969538
4969548
4969559
4969569
4969579
4969589
4969599
4969609
4969619
4969629
4969639
4969649
4969659
4969669
4969680
4969690
4969700
4969710
4969720
4969730
4969740
4969750
4969760
4969770
4969780
4969790
4969801
4969811
4969821
4969831
4969841
4969851
4969861
4969871
4969881
4969891
4969901
4969911
4969922
4969932
4969942
4969952
4969962
4969972
4969982
4969992
4970002
4970012
4970022
4970032
4970043
4970053
4970063
4970073
4970083
4970093
4970103
4970113
4970123
4970133
4970143
4970153
4970164
4970174
4970184
4970194
4970204
4970214
4970224
4970234
4970244
4970254
4970264
4970274
4970285
4970295
4970305
4970315
4970325
4970335
4970345
4970355
4970365
4970375
4970385
4970395
4970406
4970416
4970426
4970436
4970446
4970456
4970466
4970476
4970486
4970496
4970506
4970516
4970526
4970537
4970547
4970557
4970567
4970577
4970587
4970597
4970607
4970617
4970627
4970637
4970647
4970658
4970668
4970678
4970688
4970698
4970708
4970718
4970728
4970738
4970748
4970758
4970768
4970779
4970789
4970799
4970809
4970819
4970829
4970839
4970849
4970859
4970869
4970879
4970889
4970900
4970910
4970920
4970930
4970940
4970950
4970960
4970970
4970980
4970990
4971000
4971010
4971021
4971031
4971041
4971051
4971061
4971071
4971081
4971091
4971101
4971111
4971121
4971131
4971142
4971152
4971162
4971172
4971182
4971192
4971202
4971212
4971222
4971232
4971242
4971252
4971263
4971273
4971283
4971293
4971303
4971313
4971323
4971333
4971343
4971353
4971363
4971373
4971384
4971394
4971404
4971414
4971424
4971434
4971444
4971454
4971464
4971474
4971484
4971494
4971505
4971515
4971525
4971535
4971545
4971555
4971565
4971575
4971585
4971595
4971605
4971615
4971626
4971636
4971646
4971656
4971666
4971676
4971686
4971696
4971706
4971716
4971726
4971736
4971746
4971757
4971767
4971777
4971787
4971797
4971807
4971817
4971827
4971837
4971847
4971857
4971867
4971878
4971888
4971898
4971908
4971918
4971928
4971938
4971948
4971958
4971968
4971978
4971988
4971999
4972009
4972019
4972029
4972039
4972049
4972059
4972069
4972079
4972089
4972099
4972109
4972120
4972130
4972140
4972150
4972160
4972170
4972180
4972190
4972200
4972210
4972220
4972230
4972241
4972251
4972261
4972271
4972281
4972291
4972301
4972311
4972321
4972331
4972341
4972351
4972362
4972372
4972382
4972392
4972402
4972412
4972422
4972432
4972442
4972452
4972462
4972472
4972483
4972493
4972503
4972513
4972523
4972533
4972543
4972553
4972563
4972573
4972583
4972593
4972604
4972614
4972624
4972634
4972644
4972654
4972664
4972674
4972684
4972694
4972704
4972714
4972724
4972735
4972745
4972755
4972765
4972775
4972785
4972795
4972805
4972815
4972825
4972835
4972845
4972856
4972866
4972876
4972886
4972896
4972906
4972916
4972926
4972936
4972946
4972956
4972966
4972977
4972987
4972997
4973007
4973017
4973027
4973037
4973047
4973057
4973067
4973077
4973087
4973098
4973108
4973118
4973128
4973138
4973148
4973158
4973168
4973178
4973188
4973198
4973208
4973219
4973229
4973239
4973249
4973259
4973269
4973279
4973289
4973299
4973309
4973319
4973329
4973339
4973350
4973360
4973370
4973380
4973390
4973400
4973410
4973420
4973430
4973440
4973450
4973460
4973471
4973481
4973491
4973501
4973511
4973521
4973531
4973541
4973551
4973561
4973571
4973581
4973592
4973602
4973612
4973622
4973632
4973642
4973652
4973662
4973672
4973682
4973692
4973702
4973713
4973723
4973733
4973743
4973753
4973763
4973773
4973783
4973793
4973803
4973813
4973823
4973833
4973844
4973854
4973864
4973874
4973884
4973894
4973904
4973914
4973924
4973934
4973944
4973954
4973965
4973975
4973985
4973995
4974005
4974015
4974025
4974035
4974045
4974055
4974065
4974075
4974086
4974096
4974106
4974116
4974126
4974136
4974146
4974156
4974166
4974176
4974186
4974196
4974207
4974217
4974227
4974237
4974247
4974257
4974267
4974277
4974287
4974297
4974307
4974317
4974327
4974338
4974348
4974358
4974368
4974378
4974388
4974398
4974408
4974418
4974428
4974438
4974448
4974459
4974469
4974479
4974489
4974499
4974509
4974519
4974529
4974539
4974549
4974559
4974569
4974580
4974590
4974600
4974610
4974620
4974630
4974640
4974650
4974660
4974670
4974680
4974690
4974701
4974711
4974721
4974731
4974741
4974751
4974761
4974771
4974781
4974791
4974801
4974811
4974821
4974832
4974842
4974852
4974862
4974872
4974882
4974892
4974902
4974912
4974922
4974932
4974942
4974953
4974963
4974973
4974983
4974993
4975003
4975013
4975023
4975033
4975043
4975053
4975063
4975074
4975084
4975094
4975104
4975114
4975124
4975134
4975144
4975154
4975164
4975174
4975184
4975195
4975205
4975215
4975225
4975235
4975245
4975255
4975265
4975275
4975285
4975295
4975305
4975315
4975326
4975336
4975346
4975356
4975366
4975376
4975386
4975396
4975406
4975416
4975426
4975436
4975447
4975457
4975467
4975477
4975487
4975497
4975507
4975517
4975527
4975537
4975547
4975557
4975567
4975578
4975588
